loop filter i, loop filter gain, decoded packets
0.0, 0.01, 19.0
0.0005, 0.01, 23.0
0.001, 0.01, 25.0
0.0015, 0.01, 14.0
0.002, 0.01, 18.0
0.0025, 0.01, 11.0
0.003, 0.01, 12.0
0.0035, 0.01, 4.0
0.004, 0.01, 0.0
0.0045000000000000005, 0.01, 3.0
0.005000000000000001, 0.01, 0.0
0.005500000000000001, 0.01, 0.0
0.006000000000000002, 0.01, 0.0
0.006500000000000002, 0.01, 0.0
0.007000000000000003, 0.01, 0.0
0.007500000000000003, 0.01, 0.0
0.008000000000000004, 0.01, 0.0
0.008500000000000004, 0.01, 0.0
0.009000000000000005, 0.01, 0.0
0.009500000000000005, 0.01, 0.0
0.0, 0.02, 27.0
0.0005, 0.02, 25.0
0.001, 0.02, 26.0
0.0015, 0.02, 20.0
0.002, 0.02, 11.0
0.0025, 0.02, 0.0
0.003, 0.02, 10.0
0.0035, 0.02, 7.0
0.004, 0.02, 0.0
0.0045000000000000005, 0.02, 0.0
0.005000000000000001, 0.02, 0.0
0.005500000000000001, 0.02, 0.0
0.006000000000000002, 0.02, 0.0
0.006500000000000002, 0.02, 0.0
0.007000000000000003, 0.02, 0.0
0.007500000000000003, 0.02, 0.0
0.008000000000000004, 0.02, 0.0
0.008500000000000004, 0.02, 0.0
0.009000000000000005, 0.02, 0.0
0.009500000000000005, 0.02, 0.0
0.0, 0.03, 27.0
0.0005, 0.03, 26.0
0.001, 0.03, 26.0
0.0015, 0.03, 22.0
0.002, 0.03, 21.0
0.0025, 0.03, 0.0
0.003, 0.03, 9.0
0.0035, 0.03, 0.0
0.004, 0.03, 0.0
0.0045000000000000005, 0.03, 0.0
0.005000000000000001, 0.03, 0.0
0.005500000000000001, 0.03, 0.0
0.006000000000000002, 0.03, 0.0
0.006500000000000002, 0.03, 0.0
0.007000000000000003, 0.03, 0.0
0.007500000000000003, 0.03, 0.0
0.008000000000000004, 0.03, 0.0
0.008500000000000004, 0.03, 0.0
0.009000000000000005, 0.03, 0.0
0.009500000000000005, 0.03, 0.0
0.0, 0.04, 28.0
0.0005, 0.04, 27.0
0.001, 0.04, 26.0
0.0015, 0.04, 24.0
0.002, 0.04, 16.0
0.0025, 0.04, 14.0
0.003, 0.04, 8.0
0.0035, 0.04, 6.0
0.004, 0.04, 0.0
0.0045000000000000005, 0.04, 0.0
0.005000000000000001, 0.04, 0.0
0.005500000000000001, 0.04, 0.0
0.006000000000000002, 0.04, 0.0
0.006500000000000002, 0.04, 0.0
0.007000000000000003, 0.04, 0.0
0.007500000000000003, 0.04, 0.0
0.008000000000000004, 0.04, 0.0
0.008500000000000004, 0.04, 0.0
0.009000000000000005, 0.04, 0.0
0.009500000000000005, 0.04, 0.0
0.0, 0.05, 28.0
0.0005, 0.05, 27.0
0.001, 0.05, 26.0
0.0015, 0.05, 25.0
0.002, 0.05, 19.0
0.0025, 0.05, 16.0
0.003, 0.05, 6.0
0.0035, 0.05, 7.0
0.004, 0.05, 0.0
0.0045000000000000005, 0.05, 0.0
0.005000000000000001, 0.05, 0.0
0.005500000000000001, 0.05, 0.0
0.006000000000000002, 0.05, 0.0
0.006500000000000002, 0.05, 0.0
0.007000000000000003, 0.05, 0.0
0.007500000000000003, 0.05, 0.0
0.008000000000000004, 0.05, 0.0
0.008500000000000004, 0.05, 0.0
0.009000000000000005, 0.05, 0.0
0.009500000000000005, 0.05, 0.0
0.0, 0.060000000000000005, 28.0
0.0005, 0.060000000000000005, 27.0
0.001, 0.060000000000000005, 28.0
0.0015, 0.060000000000000005, 24.0
0.002, 0.060000000000000005, 22.0
0.0025, 0.060000000000000005, 13.0
0.003, 0.060000000000000005, 0.0
0.0035, 0.060000000000000005, 0.0
0.004, 0.060000000000000005, 0.0
0.0045000000000000005, 0.060000000000000005, 0.0
0.005000000000000001, 0.060000000000000005, 0.0
0.005500000000000001, 0.060000000000000005, 0.0
0.006000000000000002, 0.060000000000000005, 0.0
0.006500000000000002, 0.060000000000000005, 0.0
0.007000000000000003, 0.060000000000000005, 0.0
0.007500000000000003, 0.060000000000000005, 0.0
0.008000000000000004, 0.060000000000000005, 0.0
0.008500000000000004, 0.060000000000000005, 0.0
0.009000000000000005, 0.060000000000000005, 0.0
0.009500000000000005, 0.060000000000000005, 0.0
0.0, 0.07, 28.0
0.0005, 0.07, 27.0
0.001, 0.07, 28.0
0.0015, 0.07, 23.0
0.002, 0.07, 0.0
0.0025, 0.07, 17.0
0.003, 0.07, 0.0
0.0035, 0.07, 5.0
0.004, 0.07, 0.0
0.0045000000000000005, 0.07, 0.0
0.005000000000000001, 0.07, 0.0
0.005500000000000001, 0.07, 0.0
0.006000000000000002, 0.07, 0.0
0.006500000000000002, 0.07, 0.0
0.007000000000000003, 0.07, 0.0
0.007500000000000003, 0.07, 0.0
0.008000000000000004, 0.07, 0.0
0.008500000000000004, 0.07, 0.0
0.009000000000000005, 0.07, 0.0
0.009500000000000005, 0.07, 0.0
0.0, 0.08, 28.0
0.0005, 0.08, 27.0
0.001, 0.08, 28.0
0.0015, 0.08, 27.0
0.002, 0.08, 17.0
0.0025, 0.08, 18.0
0.003, 0.08, 6.0
0.0035, 0.08, 0.0
0.004, 0.08, 0.0
0.0045000000000000005, 0.08, 0.0
0.005000000000000001, 0.08, 0.0
0.005500000000000001, 0.08, 0.0
0.006000000000000002, 0.08, 0.0
0.006500000000000002, 0.08, 0.0
0.007000000000000003, 0.08, 0.0
0.007500000000000003, 0.08, 0.0
0.008000000000000004, 0.08, 0.0
0.008500000000000004, 0.08, 0.0
0.009000000000000005, 0.08, 0.0
0.009500000000000005, 0.08, 0.0
0.0, 0.09, 28.0
0.0005, 0.09, 28.0
0.001, 0.09, 27.0
0.0015, 0.09, 26.0
0.002, 0.09, 0.0
0.0025, 0.09, 0.0
0.003, 0.09, 13.0
0.0035, 0.09, 0.0
0.004, 0.09, 0.0
0.0045000000000000005, 0.09, 0.0
0.005000000000000001, 0.09, 0.0
0.005500000000000001, 0.09, 0.0
0.006000000000000002, 0.09, 0.0
0.006500000000000002, 0.09, 0.0
0.007000000000000003, 0.09, 0.0
0.007500000000000003, 0.09, 0.0
0.008000000000000004, 0.09, 0.0
0.008500000000000004, 0.09, 0.0
0.009000000000000005, 0.09, 0.0
0.009500000000000005, 0.09, 0.0
0.0, 0.09999999999999999, 28.0
0.0005, 0.09999999999999999, 28.0
0.001, 0.09999999999999999, 28.0
0.0015, 0.09999999999999999, 28.0
0.002, 0.09999999999999999, 19.0
0.0025, 0.09999999999999999, 0.0
0.003, 0.09999999999999999, 0.0
0.0035, 0.09999999999999999, 0.0
0.004, 0.09999999999999999, 0.0
0.0045000000000000005, 0.09999999999999999, 0.0
0.005000000000000001, 0.09999999999999999, 0.0
0.005500000000000001, 0.09999999999999999, 0.0
0.006000000000000002, 0.09999999999999999, 0.0
0.006500000000000002, 0.09999999999999999, 0.0
0.007000000000000003, 0.09999999999999999, 0.0
0.007500000000000003, 0.09999999999999999, 0.0
0.008000000000000004, 0.09999999999999999, 0.0
0.008500000000000004, 0.09999999999999999, 0.0
0.009000000000000005, 0.09999999999999999, 0.0
0.009500000000000005, 0.09999999999999999, 0.0
0.0, 0.10999999999999999, 28.0
0.0005, 0.10999999999999999, 28.0
0.001, 0.10999999999999999, 28.0
0.0015, 0.10999999999999999, 25.0
0.002, 0.10999999999999999, 24.0
0.0025, 0.10999999999999999, 0.0
0.003, 0.10999999999999999, 0.0
0.0035, 0.10999999999999999, 0.0
0.004, 0.10999999999999999, 0.0
0.0045000000000000005, 0.10999999999999999, 0.0
0.005000000000000001, 0.10999999999999999, 0.0
0.005500000000000001, 0.10999999999999999, 0.0
0.006000000000000002, 0.10999999999999999, 0.0
0.006500000000000002, 0.10999999999999999, 0.0
0.007000000000000003, 0.10999999999999999, 0.0
0.007500000000000003, 0.10999999999999999, 0.0
0.008000000000000004, 0.10999999999999999, 0.0
0.008500000000000004, 0.10999999999999999, 0.0
0.009000000000000005, 0.10999999999999999, 0.0
0.009500000000000005, 0.10999999999999999, 0.0
0.0, 0.11999999999999998, 28.0
0.0005, 0.11999999999999998, 27.0
0.001, 0.11999999999999998, 28.0
0.0015, 0.11999999999999998, 25.0
0.002, 0.11999999999999998, 18.0
0.0025, 0.11999999999999998, 0.0
0.003, 0.11999999999999998, 0.0
0.0035, 0.11999999999999998, 0.0
0.004, 0.11999999999999998, 0.0
0.0045000000000000005, 0.11999999999999998, 0.0
0.005000000000000001, 0.11999999999999998, 0.0
0.005500000000000001, 0.11999999999999998, 0.0
0.006000000000000002, 0.11999999999999998, 0.0
0.006500000000000002, 0.11999999999999998, 0.0
0.007000000000000003, 0.11999999999999998, 0.0
0.007500000000000003, 0.11999999999999998, 0.0
0.008000000000000004, 0.11999999999999998, 0.0
0.008500000000000004, 0.11999999999999998, 0.0
0.009000000000000005, 0.11999999999999998, 0.0
0.009500000000000005, 0.11999999999999998, 0.0
0.0, 0.12999999999999998, 28.0
0.0005, 0.12999999999999998, 27.0
0.001, 0.12999999999999998, 27.0
0.0015, 0.12999999999999998, 27.0
0.002, 0.12999999999999998, 23.0
0.0025, 0.12999999999999998, 0.0
0.003, 0.12999999999999998, 0.0
0.0035, 0.12999999999999998, 0.0
0.004, 0.12999999999999998, 0.0
0.0045000000000000005, 0.12999999999999998, 0.0
0.005000000000000001, 0.12999999999999998, 0.0
0.005500000000000001, 0.12999999999999998, 0.0
0.006000000000000002, 0.12999999999999998, 0.0
0.006500000000000002, 0.12999999999999998, 0.0
0.007000000000000003, 0.12999999999999998, 0.0
0.007500000000000003, 0.12999999999999998, 0.0
0.008000000000000004, 0.12999999999999998, 0.0
0.008500000000000004, 0.12999999999999998, 0.0
0.009000000000000005, 0.12999999999999998, 0.0
0.009500000000000005, 0.12999999999999998, 0.0
0.0, 0.13999999999999999, 27.0
0.0005, 0.13999999999999999, 27.0
0.001, 0.13999999999999999, 27.0
0.0015, 0.13999999999999999, 25.0
0.002, 0.13999999999999999, 0.0
0.0025, 0.13999999999999999, 0.0
0.003, 0.13999999999999999, 0.0
0.0035, 0.13999999999999999, 0.0
0.004, 0.13999999999999999, 0.0
0.0045000000000000005, 0.13999999999999999, 0.0
0.005000000000000001, 0.13999999999999999, 0.0
0.005500000000000001, 0.13999999999999999, 0.0
0.006000000000000002, 0.13999999999999999, 0.0
0.006500000000000002, 0.13999999999999999, 0.0
0.007000000000000003, 0.13999999999999999, 0.0
0.007500000000000003, 0.13999999999999999, 0.0
0.008000000000000004, 0.13999999999999999, 0.0
0.008500000000000004, 0.13999999999999999, 0.0
0.009000000000000005, 0.13999999999999999, 0.0
0.009500000000000005, 0.13999999999999999, 0.0
0.0, 0.15, 28.0
0.0005, 0.15, 27.0
0.001, 0.15, 27.0
0.0015, 0.15, 26.0
0.002, 0.15, 22.0
0.0025, 0.15, 0.0
0.003, 0.15, 0.0
0.0035, 0.15, 0.0
0.004, 0.15, 0.0
0.0045000000000000005, 0.15, 0.0
0.005000000000000001, 0.15, 0.0
0.005500000000000001, 0.15, 0.0
0.006000000000000002, 0.15, 0.0
0.006500000000000002, 0.15, 0.0
0.007000000000000003, 0.15, 0.0
0.007500000000000003, 0.15, 0.0
0.008000000000000004, 0.15, 0.0
0.008500000000000004, 0.15, 0.0
0.009000000000000005, 0.15, 0.0
0.009500000000000005, 0.15, 0.0
0.0, 0.16, 28.0
0.0005, 0.16, 27.0
0.001, 0.16, 26.0
0.0015, 0.16, 26.0
0.002, 0.16, 0.0
0.0025, 0.16, 0.0
0.003, 0.16, 0.0
0.0035, 0.16, 0.0
0.004, 0.16, 0.0
0.0045000000000000005, 0.16, 0.0
0.005000000000000001, 0.16, 0.0
0.005500000000000001, 0.16, 0.0
0.006000000000000002, 0.16, 0.0
0.006500000000000002, 0.16, 0.0
0.007000000000000003, 0.16, 0.0
0.007500000000000003, 0.16, 0.0
0.008000000000000004, 0.16, 0.0
0.008500000000000004, 0.16, 0.0
0.009000000000000005, 0.16, 0.0
0.009500000000000005, 0.16, 0.0
0.0, 0.17, 27.0
0.0005, 0.17, 27.0
0.001, 0.17, 27.0
0.0015, 0.17, 25.0
0.002, 0.17, 0.0
0.0025, 0.17, 0.0
0.003, 0.17, 0.0
0.0035, 0.17, 0.0
0.004, 0.17, 0.0
0.0045000000000000005, 0.17, 0.0
0.005000000000000001, 0.17, 0.0
0.005500000000000001, 0.17, 0.0
0.006000000000000002, 0.17, 0.0
0.006500000000000002, 0.17, 0.0
0.007000000000000003, 0.17, 0.0
0.007500000000000003, 0.17, 0.0
0.008000000000000004, 0.17, 0.0
0.008500000000000004, 0.17, 0.0
0.009000000000000005, 0.17, 0.0
0.009500000000000005, 0.17, 0.0
0.0, 0.18000000000000002, 27.0
0.0005, 0.18000000000000002, 27.0
0.001, 0.18000000000000002, 26.0
0.0015, 0.18000000000000002, 26.0
0.002, 0.18000000000000002, 0.0
0.0025, 0.18000000000000002, 0.0
0.003, 0.18000000000000002, 0.0
0.0035, 0.18000000000000002, 0.0
0.004, 0.18000000000000002, 0.0
0.0045000000000000005, 0.18000000000000002, 0.0
0.005000000000000001, 0.18000000000000002, 0.0
0.005500000000000001, 0.18000000000000002, 0.0
0.006000000000000002, 0.18000000000000002, 0.0
0.006500000000000002, 0.18000000000000002, 0.0
0.007000000000000003, 0.18000000000000002, 0.0
0.007500000000000003, 0.18000000000000002, 0.0
0.008000000000000004, 0.18000000000000002, 0.0
0.008500000000000004, 0.18000000000000002, 0.0
0.009000000000000005, 0.18000000000000002, 0.0
0.009500000000000005, 0.18000000000000002, 0.0
0.0, 0.19000000000000003, 27.0
0.0005, 0.19000000000000003, 27.0
0.001, 0.19000000000000003, 27.0
0.0015, 0.19000000000000003, 21.0
0.002, 0.19000000000000003, 0.0
0.0025, 0.19000000000000003, 0.0
0.003, 0.19000000000000003, 0.0
0.0035, 0.19000000000000003, 0.0
0.004, 0.19000000000000003, 0.0
0.0045000000000000005, 0.19000000000000003, 0.0
0.005000000000000001, 0.19000000000000003, 0.0
0.005500000000000001, 0.19000000000000003, 0.0
0.006000000000000002, 0.19000000000000003, 0.0
0.006500000000000002, 0.19000000000000003, 0.0
0.007000000000000003, 0.19000000000000003, 0.0
0.007500000000000003, 0.19000000000000003, 0.0
0.008000000000000004, 0.19000000000000003, 0.0
0.008500000000000004, 0.19000000000000003, 0.0
0.009000000000000005, 0.19000000000000003, 0.0
0.009500000000000005, 0.19000000000000003, 0.0
0.0, 0.20000000000000004, 27.0
0.0005, 0.20000000000000004, 25.0
0.001, 0.20000000000000004, 26.0
0.0015, 0.20000000000000004, 0.0
0.002, 0.20000000000000004, 0.0
0.0025, 0.20000000000000004, 0.0
0.003, 0.20000000000000004, 0.0
0.0035, 0.20000000000000004, 0.0
0.004, 0.20000000000000004, 0.0
0.0045000000000000005, 0.20000000000000004, 0.0
0.005000000000000001, 0.20000000000000004, 0.0
0.005500000000000001, 0.20000000000000004, 0.0
0.006000000000000002, 0.20000000000000004, 0.0
0.006500000000000002, 0.20000000000000004, 0.0
0.007000000000000003, 0.20000000000000004, 0.0
0.007500000000000003, 0.20000000000000004, 0.0
0.008000000000000004, 0.20000000000000004, 0.0
0.008500000000000004, 0.20000000000000004, 0.0
0.009000000000000005, 0.20000000000000004, 0.0
0.009500000000000005, 0.20000000000000004, 0.0
0.0, 0.21000000000000005, 27.0
0.0005, 0.21000000000000005, 26.0
0.001, 0.21000000000000005, 25.0
0.0015, 0.21000000000000005, 0.0
0.002, 0.21000000000000005, 0.0
0.0025, 0.21000000000000005, 0.0
0.003, 0.21000000000000005, 0.0
0.0035, 0.21000000000000005, 0.0
0.004, 0.21000000000000005, 0.0
0.0045000000000000005, 0.21000000000000005, 0.0
0.005000000000000001, 0.21000000000000005, 0.0
0.005500000000000001, 0.21000000000000005, 0.0
0.006000000000000002, 0.21000000000000005, 0.0
0.006500000000000002, 0.21000000000000005, 0.0
0.007000000000000003, 0.21000000000000005, 0.0
0.007500000000000003, 0.21000000000000005, 0.0
0.008000000000000004, 0.21000000000000005, 0.0
0.008500000000000004, 0.21000000000000005, 0.0
0.009000000000000005, 0.21000000000000005, 0.0
0.009500000000000005, 0.21000000000000005, 0.0
0.0, 0.22000000000000006, 27.0
0.0005, 0.22000000000000006, 26.0
0.001, 0.22000000000000006, 26.0
0.0015, 0.22000000000000006, 25.0
0.002, 0.22000000000000006, 0.0
0.0025, 0.22000000000000006, 0.0
0.003, 0.22000000000000006, 0.0
0.0035, 0.22000000000000006, 0.0
0.004, 0.22000000000000006, 0.0
0.0045000000000000005, 0.22000000000000006, 0.0
0.005000000000000001, 0.22000000000000006, 0.0
0.005500000000000001, 0.22000000000000006, 0.0
0.006000000000000002, 0.22000000000000006, 0.0
0.006500000000000002, 0.22000000000000006, 0.0
0.007000000000000003, 0.22000000000000006, 0.0
0.007500000000000003, 0.22000000000000006, 0.0
0.008000000000000004, 0.22000000000000006, 0.0
0.008500000000000004, 0.22000000000000006, 0.0
0.009000000000000005, 0.22000000000000006, 0.0
0.009500000000000005, 0.22000000000000006, 0.0
0.0, 0.23000000000000007, 27.0
0.0005, 0.23000000000000007, 26.0
0.001, 0.23000000000000007, 26.0
0.0015, 0.23000000000000007, 0.0
0.002, 0.23000000000000007, 0.0
0.0025, 0.23000000000000007, 1.0
0.003, 0.23000000000000007, 0.0
0.0035, 0.23000000000000007, 0.0
0.004, 0.23000000000000007, 0.0
0.0045000000000000005, 0.23000000000000007, 0.0
0.005000000000000001, 0.23000000000000007, 0.0
0.005500000000000001, 0.23000000000000007, 0.0
0.006000000000000002, 0.23000000000000007, 0.0
0.006500000000000002, 0.23000000000000007, 0.0
0.007000000000000003, 0.23000000000000007, 0.0
0.007500000000000003, 0.23000000000000007, 0.0
0.008000000000000004, 0.23000000000000007, 0.0
0.008500000000000004, 0.23000000000000007, 0.0
0.009000000000000005, 0.23000000000000007, 0.0
0.009500000000000005, 0.23000000000000007, 0.0
0.0, 0.24000000000000007, 27.0
0.0005, 0.24000000000000007, 26.0
0.001, 0.24000000000000007, 26.0
0.0015, 0.24000000000000007, 0.0
0.002, 0.24000000000000007, 0.0
0.0025, 0.24000000000000007, 0.0
0.003, 0.24000000000000007, 0.0
0.0035, 0.24000000000000007, 0.0
0.004, 0.24000000000000007, 0.0
0.0045000000000000005, 0.24000000000000007, 0.0
0.005000000000000001, 0.24000000000000007, 0.0
0.005500000000000001, 0.24000000000000007, 0.0
0.006000000000000002, 0.24000000000000007, 0.0
0.006500000000000002, 0.24000000000000007, 0.0
0.007000000000000003, 0.24000000000000007, 0.0
0.007500000000000003, 0.24000000000000007, 0.0
0.008000000000000004, 0.24000000000000007, 0.0
0.008500000000000004, 0.24000000000000007, 0.0
0.009000000000000005, 0.24000000000000007, 0.0
0.009500000000000005, 0.24000000000000007, 0.0
0.0, 0.25000000000000006, 27.0
0.0005, 0.25000000000000006, 26.0
0.001, 0.25000000000000006, 25.0
0.0015, 0.25000000000000006, 23.0
0.002, 0.25000000000000006, 0.0
0.0025, 0.25000000000000006, 0.0
0.003, 0.25000000000000006, 0.0
0.0035, 0.25000000000000006, 0.0
0.004, 0.25000000000000006, 0.0
0.0045000000000000005, 0.25000000000000006, 0.0
0.005000000000000001, 0.25000000000000006, 0.0
0.005500000000000001, 0.25000000000000006, 0.0
0.006000000000000002, 0.25000000000000006, 0.0
0.006500000000000002, 0.25000000000000006, 0.0
0.007000000000000003, 0.25000000000000006, 0.0
0.007500000000000003, 0.25000000000000006, 0.0
0.008000000000000004, 0.25000000000000006, 0.0
0.008500000000000004, 0.25000000000000006, 0.0
0.009000000000000005, 0.25000000000000006, 0.0
0.009500000000000005, 0.25000000000000006, 0.0
0.0, 0.26000000000000006, 27.0
0.0005, 0.26000000000000006, 26.0
0.001, 0.26000000000000006, 0.0
0.0015, 0.26000000000000006, 0.0
0.002, 0.26000000000000006, 0.0
0.0025, 0.26000000000000006, 0.0
0.003, 0.26000000000000006, 0.0
0.0035, 0.26000000000000006, 0.0
0.004, 0.26000000000000006, 0.0
0.0045000000000000005, 0.26000000000000006, 0.0
0.005000000000000001, 0.26000000000000006, 0.0
0.005500000000000001, 0.26000000000000006, 0.0
0.006000000000000002, 0.26000000000000006, 0.0
0.006500000000000002, 0.26000000000000006, 0.0
0.007000000000000003, 0.26000000000000006, 0.0
0.007500000000000003, 0.26000000000000006, 0.0
0.008000000000000004, 0.26000000000000006, 0.0
0.008500000000000004, 0.26000000000000006, 0.0
0.009000000000000005, 0.26000000000000006, 0.0
0.009500000000000005, 0.26000000000000006, 0.0
0.0, 0.2700000000000001, 27.0
0.0005, 0.2700000000000001, 25.0
0.001, 0.2700000000000001, 25.0
0.0015, 0.2700000000000001, 0.0
0.002, 0.2700000000000001, 0.0
0.0025, 0.2700000000000001, 0.0
0.003, 0.2700000000000001, 0.0
0.0035, 0.2700000000000001, 0.0
0.004, 0.2700000000000001, 0.0
0.0045000000000000005, 0.2700000000000001, 0.0
0.005000000000000001, 0.2700000000000001, 0.0
0.005500000000000001, 0.2700000000000001, 0.0
0.006000000000000002, 0.2700000000000001, 0.0
0.006500000000000002, 0.2700000000000001, 0.0
0.007000000000000003, 0.2700000000000001, 0.0
0.007500000000000003, 0.2700000000000001, 0.0
0.008000000000000004, 0.2700000000000001, 0.0
0.008500000000000004, 0.2700000000000001, 0.0
0.009000000000000005, 0.2700000000000001, 0.0
0.009500000000000005, 0.2700000000000001, 0.0
0.0, 0.2800000000000001, 27.0
0.0005, 0.2800000000000001, 25.0
0.001, 0.2800000000000001, 26.0
0.0015, 0.2800000000000001, 0.0
0.002, 0.2800000000000001, 13.0
0.0025, 0.2800000000000001, 0.0
0.003, 0.2800000000000001, 0.0
0.0035, 0.2800000000000001, 0.0
0.004, 0.2800000000000001, 0.0
0.0045000000000000005, 0.2800000000000001, 0.0
0.005000000000000001, 0.2800000000000001, 0.0
0.005500000000000001, 0.2800000000000001, 0.0
0.006000000000000002, 0.2800000000000001, 0.0
0.006500000000000002, 0.2800000000000001, 0.0
0.007000000000000003, 0.2800000000000001, 0.0
0.007500000000000003, 0.2800000000000001, 0.0
0.008000000000000004, 0.2800000000000001, 0.0
0.008500000000000004, 0.2800000000000001, 0.0
0.009000000000000005, 0.2800000000000001, 0.0
0.009500000000000005, 0.2800000000000001, 0.0
0.0, 0.2900000000000001, 27.0
0.0005, 0.2900000000000001, 26.0
0.001, 0.2900000000000001, 25.0
0.0015, 0.2900000000000001, 0.0
0.002, 0.2900000000000001, 0.0
0.0025, 0.2900000000000001, 0.0
0.003, 0.2900000000000001, 0.0
0.0035, 0.2900000000000001, 0.0
0.004, 0.2900000000000001, 0.0
0.0045000000000000005, 0.2900000000000001, 0.0
0.005000000000000001, 0.2900000000000001, 0.0
0.005500000000000001, 0.2900000000000001, 0.0
0.006000000000000002, 0.2900000000000001, 0.0
0.006500000000000002, 0.2900000000000001, 0.0
0.007000000000000003, 0.2900000000000001, 0.0
0.007500000000000003, 0.2900000000000001, 0.0
0.008000000000000004, 0.2900000000000001, 0.0
0.008500000000000004, 0.2900000000000001, 0.0
0.009000000000000005, 0.2900000000000001, 0.0
0.009500000000000005, 0.2900000000000001, 0.0
0.0, 0.3000000000000001, 27.0
0.0005, 0.3000000000000001, 25.0
0.001, 0.3000000000000001, 25.0
0.0015, 0.3000000000000001, 0.0
0.002, 0.3000000000000001, 0.0
0.0025, 0.3000000000000001, 0.0
0.003, 0.3000000000000001, 0.0
0.0035, 0.3000000000000001, 0.0
0.004, 0.3000000000000001, 0.0
0.0045000000000000005, 0.3000000000000001, 0.0
0.005000000000000001, 0.3000000000000001, 0.0
0.005500000000000001, 0.3000000000000001, 0.0
0.006000000000000002, 0.3000000000000001, 0.0
0.006500000000000002, 0.3000000000000001, 0.0
0.007000000000000003, 0.3000000000000001, 0.0
0.007500000000000003, 0.3000000000000001, 0.0
0.008000000000000004, 0.3000000000000001, 0.0
0.008500000000000004, 0.3000000000000001, 0.0
0.009000000000000005, 0.3000000000000001, 0.0
0.009500000000000005, 0.3000000000000001, 0.0
0.0, 0.3100000000000001, 27.0
0.0005, 0.3100000000000001, 25.0
0.001, 0.3100000000000001, 0.0
0.0015, 0.3100000000000001, 24.0
0.002, 0.3100000000000001, 0.0
0.0025, 0.3100000000000001, 0.0
0.003, 0.3100000000000001, 0.0
0.0035, 0.3100000000000001, 0.0
0.004, 0.3100000000000001, 0.0
0.0045000000000000005, 0.3100000000000001, 0.0
0.005000000000000001, 0.3100000000000001, 0.0
0.005500000000000001, 0.3100000000000001, 0.0
0.006000000000000002, 0.3100000000000001, 0.0
0.006500000000000002, 0.3100000000000001, 0.0
0.007000000000000003, 0.3100000000000001, 0.0
0.007500000000000003, 0.3100000000000001, 0.0
0.008000000000000004, 0.3100000000000001, 0.0
0.008500000000000004, 0.3100000000000001, 0.0
0.009000000000000005, 0.3100000000000001, 0.0
0.009500000000000005, 0.3100000000000001, 0.0
0.0, 0.3200000000000001, 27.0
0.0005, 0.3200000000000001, 25.0
0.001, 0.3200000000000001, 24.0
0.0015, 0.3200000000000001, 22.0
0.002, 0.3200000000000001, 0.0
0.0025, 0.3200000000000001, 0.0
0.003, 0.3200000000000001, 0.0
0.0035, 0.3200000000000001, 0.0
0.004, 0.3200000000000001, 0.0
0.0045000000000000005, 0.3200000000000001, 0.0
0.005000000000000001, 0.3200000000000001, 0.0
0.005500000000000001, 0.3200000000000001, 0.0
0.006000000000000002, 0.3200000000000001, 0.0
0.006500000000000002, 0.3200000000000001, 0.0
0.007000000000000003, 0.3200000000000001, 0.0
0.007500000000000003, 0.3200000000000001, 0.0
0.008000000000000004, 0.3200000000000001, 0.0
0.008500000000000004, 0.3200000000000001, 0.0
0.009000000000000005, 0.3200000000000001, 0.0
0.009500000000000005, 0.3200000000000001, 0.0
0.0, 0.3300000000000001, 27.0
0.0005, 0.3300000000000001, 26.0
0.001, 0.3300000000000001, 0.0
0.0015, 0.3300000000000001, 0.0
0.002, 0.3300000000000001, 0.0
0.0025, 0.3300000000000001, 0.0
0.003, 0.3300000000000001, 0.0
0.0035, 0.3300000000000001, 0.0
0.004, 0.3300000000000001, 0.0
0.0045000000000000005, 0.3300000000000001, 0.0
0.005000000000000001, 0.3300000000000001, 0.0
0.005500000000000001, 0.3300000000000001, 0.0
0.006000000000000002, 0.3300000000000001, 0.0
0.006500000000000002, 0.3300000000000001, 0.0
0.007000000000000003, 0.3300000000000001, 0.0
0.007500000000000003, 0.3300000000000001, 0.0
0.008000000000000004, 0.3300000000000001, 0.0
0.008500000000000004, 0.3300000000000001, 0.0
0.009000000000000005, 0.3300000000000001, 0.0
0.009500000000000005, 0.3300000000000001, 0.0
0.0, 0.34000000000000014, 27.0
0.0005, 0.34000000000000014, 26.0
0.001, 0.34000000000000014, 0.0
0.0015, 0.34000000000000014, 0.0
0.002, 0.34000000000000014, 0.0
0.0025, 0.34000000000000014, 0.0
0.003, 0.34000000000000014, 0.0
0.0035, 0.34000000000000014, 0.0
0.004, 0.34000000000000014, 0.0
0.0045000000000000005, 0.34000000000000014, 0.0
0.005000000000000001, 0.34000000000000014, 0.0
0.005500000000000001, 0.34000000000000014, 0.0
0.006000000000000002, 0.34000000000000014, 0.0
0.006500000000000002, 0.34000000000000014, 0.0
0.007000000000000003, 0.34000000000000014, 0.0
0.007500000000000003, 0.34000000000000014, 0.0
0.008000000000000004, 0.34000000000000014, 0.0
0.008500000000000004, 0.34000000000000014, 0.0
0.009000000000000005, 0.34000000000000014, 0.0
0.009500000000000005, 0.34000000000000014, 0.0
0.0, 0.35000000000000014, 27.0
0.0005, 0.35000000000000014, 26.0
0.001, 0.35000000000000014, 0.0
0.0015, 0.35000000000000014, 21.0
0.002, 0.35000000000000014, 0.0
0.0025, 0.35000000000000014, 0.0
0.003, 0.35000000000000014, 0.0
0.0035, 0.35000000000000014, 0.0
0.004, 0.35000000000000014, 0.0
0.0045000000000000005, 0.35000000000000014, 0.0
0.005000000000000001, 0.35000000000000014, 0.0
0.005500000000000001, 0.35000000000000014, 0.0
0.006000000000000002, 0.35000000000000014, 0.0
0.006500000000000002, 0.35000000000000014, 0.0
0.007000000000000003, 0.35000000000000014, 0.0
0.007500000000000003, 0.35000000000000014, 0.0
0.008000000000000004, 0.35000000000000014, 0.0
0.008500000000000004, 0.35000000000000014, 0.0
0.009000000000000005, 0.35000000000000014, 0.0
0.009500000000000005, 0.35000000000000014, 0.0
0.0, 0.36000000000000015, 27.0
0.0005, 0.36000000000000015, 26.0
0.001, 0.36000000000000015, 25.0
0.0015, 0.36000000000000015, 0.0
0.002, 0.36000000000000015, 0.0
0.0025, 0.36000000000000015, 0.0
0.003, 0.36000000000000015, 0.0
0.0035, 0.36000000000000015, 0.0
0.004, 0.36000000000000015, 0.0
0.0045000000000000005, 0.36000000000000015, 0.0
0.005000000000000001, 0.36000000000000015, 0.0
0.005500000000000001, 0.36000000000000015, 0.0
0.006000000000000002, 0.36000000000000015, 0.0
0.006500000000000002, 0.36000000000000015, 0.0
0.007000000000000003, 0.36000000000000015, 0.0
0.007500000000000003, 0.36000000000000015, 0.0
0.008000000000000004, 0.36000000000000015, 0.0
0.008500000000000004, 0.36000000000000015, 0.0
0.009000000000000005, 0.36000000000000015, 0.0
0.009500000000000005, 0.36000000000000015, 0.0
0.0, 0.37000000000000016, 27.0
0.0005, 0.37000000000000016, 26.0
0.001, 0.37000000000000016, 25.0
0.0015, 0.37000000000000016, 16.0
0.002, 0.37000000000000016, 0.0
0.0025, 0.37000000000000016, 0.0
0.003, 0.37000000000000016, 0.0
0.0035, 0.37000000000000016, 0.0
0.004, 0.37000000000000016, 0.0
0.0045000000000000005, 0.37000000000000016, 0.0
0.005000000000000001, 0.37000000000000016, 0.0
0.005500000000000001, 0.37000000000000016, 0.0
0.006000000000000002, 0.37000000000000016, 0.0
0.006500000000000002, 0.37000000000000016, 0.0
0.007000000000000003, 0.37000000000000016, 0.0
0.007500000000000003, 0.37000000000000016, 0.0
0.008000000000000004, 0.37000000000000016, 0.0
0.008500000000000004, 0.37000000000000016, 0.0
0.009000000000000005, 0.37000000000000016, 0.0
0.009500000000000005, 0.37000000000000016, 0.0
0.0, 0.38000000000000017, 27.0
0.0005, 0.38000000000000017, 26.0
0.001, 0.38000000000000017, 25.0
0.0015, 0.38000000000000017, 0.0
0.002, 0.38000000000000017, 0.0
0.0025, 0.38000000000000017, 0.0
0.003, 0.38000000000000017, 0.0
0.0035, 0.38000000000000017, 0.0
0.004, 0.38000000000000017, 0.0
0.0045000000000000005, 0.38000000000000017, 0.0
0.005000000000000001, 0.38000000000000017, 0.0
0.005500000000000001, 0.38000000000000017, 0.0
0.006000000000000002, 0.38000000000000017, 0.0
0.006500000000000002, 0.38000000000000017, 0.0
0.007000000000000003, 0.38000000000000017, 0.0
0.007500000000000003, 0.38000000000000017, 0.0
0.008000000000000004, 0.38000000000000017, 0.0
0.008500000000000004, 0.38000000000000017, 0.0
0.009000000000000005, 0.38000000000000017, 0.0
0.009500000000000005, 0.38000000000000017, 0.0
0.0, 0.3900000000000002, 27.0
0.0005, 0.3900000000000002, 26.0
0.001, 0.3900000000000002, 25.0
0.0015, 0.3900000000000002, 0.0
0.002, 0.3900000000000002, 0.0
0.0025, 0.3900000000000002, 0.0
0.003, 0.3900000000000002, 0.0
0.0035, 0.3900000000000002, 0.0
0.004, 0.3900000000000002, 0.0
0.0045000000000000005, 0.3900000000000002, 0.0
0.005000000000000001, 0.3900000000000002, 0.0
0.005500000000000001, 0.3900000000000002, 0.0
0.006000000000000002, 0.3900000000000002, 0.0
0.006500000000000002, 0.3900000000000002, 0.0
0.007000000000000003, 0.3900000000000002, 0.0
0.007500000000000003, 0.3900000000000002, 0.0
0.008000000000000004, 0.3900000000000002, 0.0
0.008500000000000004, 0.3900000000000002, 0.0
0.009000000000000005, 0.3900000000000002, 0.0
0.009500000000000005, 0.3900000000000002, 0.0
0.0, 0.4000000000000002, 26.0
0.0005, 0.4000000000000002, 26.0
0.001, 0.4000000000000002, 25.0
0.0015, 0.4000000000000002, 0.0
0.002, 0.4000000000000002, 0.0
0.0025, 0.4000000000000002, 0.0
0.003, 0.4000000000000002, 0.0
0.0035, 0.4000000000000002, 0.0
0.004, 0.4000000000000002, 0.0
0.0045000000000000005, 0.4000000000000002, 0.0
0.005000000000000001, 0.4000000000000002, 0.0
0.005500000000000001, 0.4000000000000002, 0.0
0.006000000000000002, 0.4000000000000002, 0.0
0.006500000000000002, 0.4000000000000002, 0.0
0.007000000000000003, 0.4000000000000002, 0.0
0.007500000000000003, 0.4000000000000002, 0.0
0.008000000000000004, 0.4000000000000002, 0.0
0.008500000000000004, 0.4000000000000002, 0.0
0.009000000000000005, 0.4000000000000002, 0.0
0.009500000000000005, 0.4000000000000002, 0.0
0.0, 0.4100000000000002, 26.0
0.0005, 0.4100000000000002, 26.0
0.001, 0.4100000000000002, 25.0
0.0015, 0.4100000000000002, 0.0
0.002, 0.4100000000000002, 0.0
0.0025, 0.4100000000000002, 0.0
0.003, 0.4100000000000002, 0.0
0.0035, 0.4100000000000002, 0.0
0.004, 0.4100000000000002, 0.0
0.0045000000000000005, 0.4100000000000002, 0.0
0.005000000000000001, 0.4100000000000002, 0.0
0.005500000000000001, 0.4100000000000002, 0.0
0.006000000000000002, 0.4100000000000002, 0.0
0.006500000000000002, 0.4100000000000002, 0.0
0.007000000000000003, 0.4100000000000002, 0.0
0.007500000000000003, 0.4100000000000002, 0.0
0.008000000000000004, 0.4100000000000002, 0.0
0.008500000000000004, 0.4100000000000002, 0.0
0.009000000000000005, 0.4100000000000002, 0.0
0.009500000000000005, 0.4100000000000002, 0.0
0.0, 0.4200000000000002, 26.0
0.0005, 0.4200000000000002, 26.0
0.001, 0.4200000000000002, 25.0
0.0015, 0.4200000000000002, 0.0
0.002, 0.4200000000000002, 0.0
0.0025, 0.4200000000000002, 0.0
0.003, 0.4200000000000002, 0.0
0.0035, 0.4200000000000002, 0.0
0.004, 0.4200000000000002, 0.0
0.0045000000000000005, 0.4200000000000002, 0.0
0.005000000000000001, 0.4200000000000002, 0.0
0.005500000000000001, 0.4200000000000002, 0.0
0.006000000000000002, 0.4200000000000002, 0.0
0.006500000000000002, 0.4200000000000002, 0.0
0.007000000000000003, 0.4200000000000002, 0.0
0.007500000000000003, 0.4200000000000002, 0.0
0.008000000000000004, 0.4200000000000002, 0.0
0.008500000000000004, 0.4200000000000002, 0.0
0.009000000000000005, 0.4200000000000002, 0.0
0.009500000000000005, 0.4200000000000002, 0.0
0.0, 0.4300000000000002, 26.0
0.0005, 0.4300000000000002, 26.0
0.001, 0.4300000000000002, 25.0
0.0015, 0.4300000000000002, 0.0
0.002, 0.4300000000000002, 0.0
0.0025, 0.4300000000000002, 0.0
0.003, 0.4300000000000002, 0.0
0.0035, 0.4300000000000002, 0.0
0.004, 0.4300000000000002, 0.0
0.0045000000000000005, 0.4300000000000002, 0.0
0.005000000000000001, 0.4300000000000002, 0.0
0.005500000000000001, 0.4300000000000002, 0.0
0.006000000000000002, 0.4300000000000002, 0.0
0.006500000000000002, 0.4300000000000002, 0.0
0.007000000000000003, 0.4300000000000002, 0.0
0.007500000000000003, 0.4300000000000002, 0.0
0.008000000000000004, 0.4300000000000002, 0.0
0.008500000000000004, 0.4300000000000002, 0.0
0.009000000000000005, 0.4300000000000002, 0.0
0.009500000000000005, 0.4300000000000002, 0.0
0.0, 0.4400000000000002, 26.0
0.0005, 0.4400000000000002, 26.0
0.001, 0.4400000000000002, 25.0
0.0015, 0.4400000000000002, 0.0
0.002, 0.4400000000000002, 0.0
0.0025, 0.4400000000000002, 0.0
0.003, 0.4400000000000002, 0.0
0.0035, 0.4400000000000002, 0.0
0.004, 0.4400000000000002, 0.0
0.0045000000000000005, 0.4400000000000002, 0.0
0.005000000000000001, 0.4400000000000002, 0.0
0.005500000000000001, 0.4400000000000002, 0.0
0.006000000000000002, 0.4400000000000002, 0.0
0.006500000000000002, 0.4400000000000002, 0.0
0.007000000000000003, 0.4400000000000002, 0.0
0.007500000000000003, 0.4400000000000002, 0.0
0.008000000000000004, 0.4400000000000002, 0.0
0.008500000000000004, 0.4400000000000002, 0.0
0.009000000000000005, 0.4400000000000002, 0.0
0.009500000000000005, 0.4400000000000002, 0.0
0.0, 0.45000000000000023, 27.0
0.0005, 0.45000000000000023, 26.0
0.001, 0.45000000000000023, 25.0
0.0015, 0.45000000000000023, 0.0
0.002, 0.45000000000000023, 0.0
0.0025, 0.45000000000000023, 0.0
0.003, 0.45000000000000023, 0.0
0.0035, 0.45000000000000023, 0.0
0.004, 0.45000000000000023, 0.0
0.0045000000000000005, 0.45000000000000023, 0.0
0.005000000000000001, 0.45000000000000023, 0.0
0.005500000000000001, 0.45000000000000023, 0.0
0.006000000000000002, 0.45000000000000023, 0.0
0.006500000000000002, 0.45000000000000023, 0.0
0.007000000000000003, 0.45000000000000023, 0.0
0.007500000000000003, 0.45000000000000023, 0.0
0.008000000000000004, 0.45000000000000023, 0.0
0.008500000000000004, 0.45000000000000023, 0.0
0.009000000000000005, 0.45000000000000023, 0.0
0.009500000000000005, 0.45000000000000023, 0.0
0.0, 0.46000000000000024, 26.0
0.0005, 0.46000000000000024, 26.0
0.001, 0.46000000000000024, 25.0
0.0015, 0.46000000000000024, 0.0
0.002, 0.46000000000000024, 0.0
0.0025, 0.46000000000000024, 0.0
0.003, 0.46000000000000024, 0.0
0.0035, 0.46000000000000024, 0.0
0.004, 0.46000000000000024, 0.0
0.0045000000000000005, 0.46000000000000024, 0.0
0.005000000000000001, 0.46000000000000024, 0.0
0.005500000000000001, 0.46000000000000024, 0.0
0.006000000000000002, 0.46000000000000024, 0.0
0.006500000000000002, 0.46000000000000024, 0.0
0.007000000000000003, 0.46000000000000024, 0.0
0.007500000000000003, 0.46000000000000024, 0.0
0.008000000000000004, 0.46000000000000024, 0.0
0.008500000000000004, 0.46000000000000024, 0.0
0.009000000000000005, 0.46000000000000024, 0.0
0.009500000000000005, 0.46000000000000024, 0.0
0.0, 0.47000000000000025, 26.0
0.0005, 0.47000000000000025, 26.0
0.001, 0.47000000000000025, 25.0
0.0015, 0.47000000000000025, 0.0
0.002, 0.47000000000000025, 0.0
0.0025, 0.47000000000000025, 0.0
0.003, 0.47000000000000025, 0.0
0.0035, 0.47000000000000025, 0.0
0.004, 0.47000000000000025, 0.0
0.0045000000000000005, 0.47000000000000025, 0.0
0.005000000000000001, 0.47000000000000025, 0.0
0.005500000000000001, 0.47000000000000025, 0.0
0.006000000000000002, 0.47000000000000025, 0.0
0.006500000000000002, 0.47000000000000025, 0.0
0.007000000000000003, 0.47000000000000025, 0.0
0.007500000000000003, 0.47000000000000025, 0.0
0.008000000000000004, 0.47000000000000025, 0.0
0.008500000000000004, 0.47000000000000025, 0.0
0.009000000000000005, 0.47000000000000025, 0.0
0.009500000000000005, 0.47000000000000025, 0.0
0.0, 0.48000000000000026, 27.0
0.0005, 0.48000000000000026, 26.0
0.001, 0.48000000000000026, 0.0
0.0015, 0.48000000000000026, 0.0
0.002, 0.48000000000000026, 0.0
0.0025, 0.48000000000000026, 0.0
0.003, 0.48000000000000026, 0.0
0.0035, 0.48000000000000026, 0.0
0.004, 0.48000000000000026, 0.0
0.0045000000000000005, 0.48000000000000026, 0.0
0.005000000000000001, 0.48000000000000026, 0.0
0.005500000000000001, 0.48000000000000026, 0.0
0.006000000000000002, 0.48000000000000026, 0.0
0.006500000000000002, 0.48000000000000026, 0.0
0.007000000000000003, 0.48000000000000026, 0.0
0.007500000000000003, 0.48000000000000026, 0.0
0.008000000000000004, 0.48000000000000026, 0.0
0.008500000000000004, 0.48000000000000026, 0.0
0.009000000000000005, 0.48000000000000026, 0.0
0.009500000000000005, 0.48000000000000026, 0.0
0.0, 0.49000000000000027, 27.0
0.0005, 0.49000000000000027, 26.0
0.001, 0.49000000000000027, 0.0
0.0015, 0.49000000000000027, 0.0
0.002, 0.49000000000000027, 0.0
0.0025, 0.49000000000000027, 0.0
0.003, 0.49000000000000027, 0.0
0.0035, 0.49000000000000027, 0.0
0.004, 0.49000000000000027, 0.0
0.0045000000000000005, 0.49000000000000027, 0.0
0.005000000000000001, 0.49000000000000027, 0.0
0.005500000000000001, 0.49000000000000027, 0.0
0.006000000000000002, 0.49000000000000027, 0.0
0.006500000000000002, 0.49000000000000027, 0.0
0.007000000000000003, 0.49000000000000027, 0.0
0.007500000000000003, 0.49000000000000027, 0.0
0.008000000000000004, 0.49000000000000027, 0.0
0.008500000000000004, 0.49000000000000027, 0.0
0.009000000000000005, 0.49000000000000027, 0.0
0.009500000000000005, 0.49000000000000027, 0.0
0.0, 0.0, 0.0
0.0, 0.0, 0.0
0.0, 0.0, 0.0
0.0, 0.0, 0.0
0.0, 0.0, 0.0
0.0, 0.0, 0.0
0.0, 0.0, 0.0
0.0, 0.0, 0.0
0.0, 0.0, 0.0
0.0, 0.0, 0.0
0.0, 0.0, 0.0
0.0, 0.0, 0.0
0.0, 0.0, 0.0
0.0, 0.0, 0.0
0.0, 0.0, 0.0
0.0, 0.0, 0.0
0.0, 0.0, 0.0
0.0, 0.0, 0.0
0.0, 0.0, 0.0
0.0, 0.0, 0.0
0.0, 0.0, 0.0
0.0, 0.0, 0.0
0.0, 0.0, 0.0
0.0, 0.0, 0.0
0.0, 0.0, 0.0
0.0, 0.0, 0.0
0.0, 0.0, 0.0
0.0, 0.0, 0.0
0.0, 0.0, 0.0
0.0, 0.0, 0.0
0.0, 0.0, 0.0
0.0, 0.0, 0.0
0.0, 0.0, 0.0
0.0, 0.0, 0.0
0.0, 0.0, 0.0
0.0, 0.0, 0.0
0.0, 0.0, 0.0
0.0, 0.0, 0.0
0.0, 0.0, 0.0
0.0, 0.0, 0.0
0.0, 0.0, 0.0
0.0, 0.0, 0.0
0.0, 0.0, 0.0
0.0, 0.0, 0.0
0.0, 0.0, 0.0
0.0, 0.0, 0.0
0.0, 0.0, 0.0
0.0, 0.0, 0.0
0.0, 0.0, 0.0
0.0, 0.0, 0.0
0.0, 0.0, 0.0
0.0, 0.0, 0.0
0.0, 0.0, 0.0
0.0, 0.0, 0.0
0.0, 0.0, 0.0
0.0, 0.0, 0.0
0.0, 0.0, 0.0
0.0, 0.0, 0.0
0.0, 0.0, 0.0
0.0, 0.0, 0.0
0.0, 0.0, 0.0
0.0, 0.0, 0.0
0.0, 0.0, 0.0
0.0, 0.0, 0.0
0.0, 0.0, 0.0
0.0, 0.0, 0.0
0.0, 0.0, 0.0
0.0, 0.0, 0.0
0.0, 0.0, 0.0
0.0, 0.0, 0.0
