115
-86
-85
-82
-61
-23
22
53
58
32
-13
-54
-72
-57
-14
36
69
69
37
-12
-52
-65
-48
-11
26
45
39
18
-4
-14
-9
1
2
-13
-35
-47
-32
15
75
114
101
26
-86
-180
-200
-117
45
216
306
253
62
-192
-385
-411
-232
86
400
551
444
106
-319
-628
-655
-363
131
602
814
646
151
-449
-870
-895
-489
174
787
1051
823
190
-558
-1068
-1085
-586
206
922
1217
941
215
-625
-1181
-1188
-635
221
977
1276
977
221
-635
-1188
-1181
-625
215
941
1217
922
206
-586
-1085
-1068
-558
190
823
1051
787
174
-489
-895
-870
-449
151
646
814
602
131
-363
-655
-628
-319
106
444
551
400
86
-232
-411
-385
-192
62
253
306
216
45
-117
-200
-180
-86
26
101
114
75
15
-32
-47
-35
-13
2
1
-9
-14
-4
18
39
45
26
-11
-48
-65
-52
-12
37
69
69
36
-14
-57
-72
-54
-13
32
58
53
22
-23
-61
-82
-85
-86
115
