176
25
-9
-47
-66
-51
-8
39
61
42
-7
-59
-81
-59
-6
47
69
46
-6
-55
-72
-50
-5
34
45
26
-4
-25
-24
-11
-4
-11
-26
-28
-4
41
76
64
-3
-95
-152
-122
-3
147
231
179
-2
-218
-332
-254
-2
287
434
326
-2
-370
-552
-411
-2
449
666
491
-2
-536
-787
-577
-2
614
897
653
-1
-693
-1005
-728
-1
759
1095
789
-1
-818
-1174
-842
-1
860
1228
876
-1
-891
-1266
-899
-1
901
1276
901
-1
-899
-1266
-891
-1
876
1228
860
-1
-842
-1174
-818
-1
789
1095
759
-1
-728
-1005
-693
-1
653
897
614
-2
-577
-787
-536
-2
491
666
449
-2
-411
-552
-370
-2
326
434
287
-2
-254
-332
-218
-2
179
231
147
-3
-122
-152
-95
-3
64
76
41
-4
-28
-26
-11
-4
-11
-24
-25
-4
26
45
34
-5
-50
-72
-55
-6
46
69
47
-6
-59
-81
-59
-7
42
61
39
-8
-51
-66
-47
-9
25
176
