[  -99.   121.   117.   127.   131.   116.    77.    15.   -64.  -147.
  -220.  -266.  -270.  -225.  -131.     3.   157.   305.   419.   474.
   452.   348.   170.   -57.  -298.  -512.  -658.  -704.  -633.  -448.
  -173.   151.   472.   734.   889.   903.   767.   496.   130.  -272.
  -645.  -923. -1058. -1022.  -818.  -475.   -48.   391.   772.  1029.
  1120.  1029.   772.   391.   -48.  -475.  -818. -1022. -1058.  -923.
  -645.  -272.   130.   496.   767.   903.   889.   734.   472.   151.
  -173.  -448.  -633.  -704.  -658.  -512.  -298.   -57.   170.   348.
   452.   474.   419.   305.   157.     3.  -131.  -225.  -270.  -266.
  -220.  -147.   -64.    15.    77.   116.   131.   127.   117.   121.
   -99.]
