loop filter i, loop filter gain, decoded packets
0.0001, 0.01, 0.0
0.0002, 0.01, 0.0
0.00030000000000000003, 0.01, 0.0
0.0004, 0.01, 0.0
0.0005, 0.01, 0.0
0.0006000000000000001, 0.01, 0.0
0.0007000000000000001, 0.01, 0.0
0.0008000000000000001, 0.01, 0.0
0.0009000000000000002, 0.01, 0.0
0.0010000000000000002, 0.01, 0.0
0.0011000000000000003, 0.01, 0.0
0.0012000000000000003, 0.01, 0.0
0.0013000000000000004, 0.01, 0.0
0.0014000000000000004, 0.01, 0.0
0.0015000000000000005, 0.01, 0.0
0.0016000000000000005, 0.01, 0.0
0.0017000000000000006, 0.01, 0.0
0.0018000000000000006, 0.01, 0.0
0.0019000000000000006, 0.01, 0.0
0.0020000000000000005, 0.01, 0.0
0.0021000000000000003, 0.01, 0.0
0.0022, 0.01, 0.0
0.0023, 0.01, 0.0
0.0024, 0.01, 0.0
0.0024999999999999996, 0.01, 0.0
0.0001, 0.02, 0.0
0.0002, 0.02, 0.0
0.00030000000000000003, 0.02, 0.0
0.0004, 0.02, 0.0
0.0005, 0.02, 0.0
0.0006000000000000001, 0.02, 0.0
0.0007000000000000001, 0.02, 0.0
0.0008000000000000001, 0.02, 0.0
0.0009000000000000002, 0.02, 0.0
0.0010000000000000002, 0.02, 0.0
0.0011000000000000003, 0.02, 0.0
0.0012000000000000003, 0.02, 0.0
0.0013000000000000004, 0.02, 0.0
0.0014000000000000004, 0.02, 0.0
0.0015000000000000005, 0.02, 0.0
0.0016000000000000005, 0.02, 0.0
0.0017000000000000006, 0.02, 0.0
0.0018000000000000006, 0.02, 0.0
0.0019000000000000006, 0.02, 0.0
0.0020000000000000005, 0.02, 0.0
0.0021000000000000003, 0.02, 0.0
0.0022, 0.02, 0.0
0.0023, 0.02, 0.0
0.0024, 0.02, 0.0
0.0024999999999999996, 0.02, 0.0
0.0001, 0.03, 0.0
0.0002, 0.03, 0.0
0.00030000000000000003, 0.03, 0.0
0.0004, 0.03, 0.0
0.0005, 0.03, 0.0
0.0006000000000000001, 0.03, 0.0
0.0007000000000000001, 0.03, 0.0
0.0008000000000000001, 0.03, 0.0
0.0009000000000000002, 0.03, 0.0
0.0010000000000000002, 0.03, 0.0
0.0011000000000000003, 0.03, 0.0
0.0012000000000000003, 0.03, 0.0
0.0013000000000000004, 0.03, 0.0
0.0014000000000000004, 0.03, 0.0
0.0015000000000000005, 0.03, 0.0
0.0016000000000000005, 0.03, 0.0
0.0017000000000000006, 0.03, 0.0
0.0018000000000000006, 0.03, 0.0
0.0019000000000000006, 0.03, 0.0
0.0020000000000000005, 0.03, 0.0
0.0021000000000000003, 0.03, 0.0
0.0022, 0.03, 0.0
0.0023, 0.03, 0.0
0.0024, 0.03, 0.0
0.0024999999999999996, 0.03, 0.0
0.0001, 0.04, 0.0
0.0002, 0.04, 0.0
0.00030000000000000003, 0.04, 0.0
0.0004, 0.04, 0.0
0.0005, 0.04, 0.0
0.0006000000000000001, 0.04, 0.0
0.0007000000000000001, 0.04, 0.0
0.0008000000000000001, 0.04, 0.0
0.0009000000000000002, 0.04, 0.0
0.0010000000000000002, 0.04, 0.0
0.0011000000000000003, 0.04, 0.0
0.0012000000000000003, 0.04, 0.0
0.0013000000000000004, 0.04, 0.0
0.0014000000000000004, 0.04, 0.0
0.0015000000000000005, 0.04, 0.0
0.0016000000000000005, 0.04, 0.0
0.0017000000000000006, 0.04, 0.0
0.0018000000000000006, 0.04, 0.0
0.0019000000000000006, 0.04, 0.0
0.0020000000000000005, 0.04, 0.0
0.0021000000000000003, 0.04, 0.0
0.0022, 0.04, 0.0
0.0023, 0.04, 0.0
0.0024, 0.04, 0.0
0.0024999999999999996, 0.04, 0.0
0.0001, 0.05, 0.0
0.0002, 0.05, 0.0
0.00030000000000000003, 0.05, 0.0
0.0004, 0.05, 0.0
0.0005, 0.05, 0.0
0.0006000000000000001, 0.05, 0.0
0.0007000000000000001, 0.05, 0.0
0.0008000000000000001, 0.05, 0.0
0.0009000000000000002, 0.05, 0.0
0.0010000000000000002, 0.05, 0.0
0.0011000000000000003, 0.05, 0.0
0.0012000000000000003, 0.05, 0.0
0.0013000000000000004, 0.05, 0.0
0.0014000000000000004, 0.05, 0.0
0.0015000000000000005, 0.05, 0.0
0.0016000000000000005, 0.05, 0.0
0.0017000000000000006, 0.05, 0.0
0.0018000000000000006, 0.05, 0.0
0.0019000000000000006, 0.05, 0.0
0.0020000000000000005, 0.05, 0.0
0.0021000000000000003, 0.05, 0.0
0.0022, 0.05, 2.0
0.0023, 0.05, 1.0
0.0024, 0.05, 0.0
0.0024999999999999996, 0.05, 0.0
0.0001, 0.060000000000000005, 0.0
0.0002, 0.060000000000000005, 0.0
0.00030000000000000003, 0.060000000000000005, 0.0
0.0004, 0.060000000000000005, 0.0
0.0005, 0.060000000000000005, 0.0
0.0006000000000000001, 0.060000000000000005, 0.0
0.0007000000000000001, 0.060000000000000005, 0.0
0.0008000000000000001, 0.060000000000000005, 0.0
0.0009000000000000002, 0.060000000000000005, 0.0
0.0010000000000000002, 0.060000000000000005, 0.0
0.0011000000000000003, 0.060000000000000005, 0.0
0.0012000000000000003, 0.060000000000000005, 1.0
0.0013000000000000004, 0.060000000000000005, 0.0
0.0014000000000000004, 0.060000000000000005, 0.0
0.0015000000000000005, 0.060000000000000005, 0.0
0.0016000000000000005, 0.060000000000000005, 0.0
0.0017000000000000006, 0.060000000000000005, 0.0
0.0018000000000000006, 0.060000000000000005, 0.0
0.0019000000000000006, 0.060000000000000005, 3.0
0.0020000000000000005, 0.060000000000000005, 1.0
0.0021000000000000003, 0.060000000000000005, 3.0
0.0022, 0.060000000000000005, 0.0
0.0023, 0.060000000000000005, 0.0
0.0024, 0.060000000000000005, 5.0
0.0024999999999999996, 0.060000000000000005, 0.0
0.0001, 0.07, 0.0
0.0002, 0.07, 0.0
0.00030000000000000003, 0.07, 0.0
0.0004, 0.07, 0.0
0.0005, 0.07, 0.0
0.0006000000000000001, 0.07, 0.0
0.0007000000000000001, 0.07, 0.0
0.0008000000000000001, 0.07, 0.0
0.0009000000000000002, 0.07, 0.0
0.0010000000000000002, 0.07, 1.0
0.0011000000000000003, 0.07, 0.0
0.0012000000000000003, 0.07, 0.0
0.0013000000000000004, 0.07, 1.0
0.0014000000000000004, 0.07, 3.0
0.0015000000000000005, 0.07, 3.0
0.0016000000000000005, 0.07, 0.0
0.0017000000000000006, 0.07, 5.0
0.0018000000000000006, 0.07, 5.0
0.0019000000000000006, 0.07, 5.0
0.0020000000000000005, 0.07, 6.0
0.0021000000000000003, 0.07, 6.0
0.0022, 0.07, 6.0
0.0023, 0.07, 3.0
0.0024, 0.07, 3.0
0.0024999999999999996, 0.07, 5.0
0.0001, 0.08, 0.0
0.0002, 0.08, 0.0
0.00030000000000000003, 0.08, 0.0
0.0004, 0.08, 0.0
0.0005, 0.08, 0.0
0.0006000000000000001, 0.08, 0.0
0.0007000000000000001, 0.08, 0.0
0.0008000000000000001, 0.08, 0.0
0.0009000000000000002, 0.08, 0.0
0.0010000000000000002, 0.08, 0.0
0.0011000000000000003, 0.08, 2.0
0.0012000000000000003, 0.08, 3.0
0.0013000000000000004, 0.08, 3.0
0.0014000000000000004, 0.08, 5.0
0.0015000000000000005, 0.08, 2.0
0.0016000000000000005, 0.08, 7.0
0.0017000000000000006, 0.08, 5.0
0.0018000000000000006, 0.08, 7.0
0.0019000000000000006, 0.08, 5.0
0.0020000000000000005, 0.08, 8.0
0.0021000000000000003, 0.08, 5.0
0.0022, 0.08, 5.0
0.0023, 0.08, 7.0
0.0024, 0.08, 7.0
0.0024999999999999996, 0.08, 6.0
0.0001, 0.09, 0.0
0.0002, 0.09, 0.0
0.00030000000000000003, 0.09, 0.0
0.0004, 0.09, 0.0
0.0005, 0.09, 0.0
0.0006000000000000001, 0.09, 0.0
0.0007000000000000001, 0.09, 0.0
0.0008000000000000001, 0.09, 1.0
0.0009000000000000002, 0.09, 1.0
0.0010000000000000002, 0.09, 4.0
0.0011000000000000003, 0.09, 3.0
0.0012000000000000003, 0.09, 3.0
0.0013000000000000004, 0.09, 2.0
0.0014000000000000004, 0.09, 6.0
0.0015000000000000005, 0.09, 7.0
0.0016000000000000005, 0.09, 7.0
0.0017000000000000006, 0.09, 8.0
0.0018000000000000006, 0.09, 8.0
0.0019000000000000006, 0.09, 8.0
0.0020000000000000005, 0.09, 8.0
0.0021000000000000003, 0.09, 7.0
0.0022, 0.09, 8.0
0.0023, 0.09, 7.0
0.0024, 0.09, 5.0
0.0024999999999999996, 0.09, 7.0
0.0001, 0.09999999999999999, 0.0
0.0002, 0.09999999999999999, 0.0
0.00030000000000000003, 0.09999999999999999, 0.0
0.0004, 0.09999999999999999, 0.0
0.0005, 0.09999999999999999, 0.0
0.0006000000000000001, 0.09999999999999999, 0.0
0.0007000000000000001, 0.09999999999999999, 0.0
0.0008000000000000001, 0.09999999999999999, 0.0
0.0009000000000000002, 0.09999999999999999, 4.0
0.0010000000000000002, 0.09999999999999999, 3.0
0.0011000000000000003, 0.09999999999999999, 7.0
0.0012000000000000003, 0.09999999999999999, 7.0
0.0013000000000000004, 0.09999999999999999, 7.0
0.0014000000000000004, 0.09999999999999999, 8.0
0.0015000000000000005, 0.09999999999999999, 8.0
0.0016000000000000005, 0.09999999999999999, 8.0
0.0017000000000000006, 0.09999999999999999, 8.0
0.0018000000000000006, 0.09999999999999999, 9.0
0.0019000000000000006, 0.09999999999999999, 8.0
0.0020000000000000005, 0.09999999999999999, 8.0
0.0021000000000000003, 0.09999999999999999, 9.0
0.0022, 0.09999999999999999, 9.0
0.0023, 0.09999999999999999, 9.0
0.0024, 0.09999999999999999, 7.0
0.0024999999999999996, 0.09999999999999999, 8.0
0.0001, 0.10999999999999999, 0.0
0.0002, 0.10999999999999999, 0.0
0.00030000000000000003, 0.10999999999999999, 0.0
0.0004, 0.10999999999999999, 0.0
0.0005, 0.10999999999999999, 0.0
0.0006000000000000001, 0.10999999999999999, 2.0
0.0007000000000000001, 0.10999999999999999, 3.0
0.0008000000000000001, 0.10999999999999999, 4.0
0.0009000000000000002, 0.10999999999999999, 6.0
0.0010000000000000002, 0.10999999999999999, 5.0
0.0011000000000000003, 0.10999999999999999, 6.0
0.0012000000000000003, 0.10999999999999999, 7.0
0.0013000000000000004, 0.10999999999999999, 8.0
0.0014000000000000004, 0.10999999999999999, 9.0
0.0015000000000000005, 0.10999999999999999, 9.0
0.0016000000000000005, 0.10999999999999999, 9.0
0.0017000000000000006, 0.10999999999999999, 9.0
0.0018000000000000006, 0.10999999999999999, 9.0
0.0019000000000000006, 0.10999999999999999, 8.0
0.0020000000000000005, 0.10999999999999999, 9.0
0.0021000000000000003, 0.10999999999999999, 9.0
0.0022, 0.10999999999999999, 8.0
0.0023, 0.10999999999999999, 8.0
0.0024, 0.10999999999999999, 8.0
0.0024999999999999996, 0.10999999999999999, 9.0
0.0001, 0.11999999999999998, 0.0
0.0002, 0.11999999999999998, 0.0
0.00030000000000000003, 0.11999999999999998, 0.0
0.0004, 0.11999999999999998, 0.0
0.0005, 0.11999999999999998, 2.0
0.0006000000000000001, 0.11999999999999998, 3.0
0.0007000000000000001, 0.11999999999999998, 5.0
0.0008000000000000001, 0.11999999999999998, 7.0
0.0009000000000000002, 0.11999999999999998, 7.0
0.0010000000000000002, 0.11999999999999998, 5.0
0.0011000000000000003, 0.11999999999999998, 7.0
0.0012000000000000003, 0.11999999999999998, 9.0
0.0013000000000000004, 0.11999999999999998, 9.0
0.0014000000000000004, 0.11999999999999998, 9.0
0.0015000000000000005, 0.11999999999999998, 8.0
0.0016000000000000005, 0.11999999999999998, 8.0
0.0017000000000000006, 0.11999999999999998, 8.0
0.0018000000000000006, 0.11999999999999998, 8.0
0.0019000000000000006, 0.11999999999999998, 8.0
0.0020000000000000005, 0.11999999999999998, 8.0
0.0021000000000000003, 0.11999999999999998, 8.0
0.0022, 0.11999999999999998, 8.0
0.0023, 0.11999999999999998, 8.0
0.0024, 0.11999999999999998, 9.0
0.0024999999999999996, 0.11999999999999998, 9.0
0.0001, 0.12999999999999998, 0.0
0.0002, 0.12999999999999998, 0.0
0.00030000000000000003, 0.12999999999999998, 0.0
0.0004, 0.12999999999999998, 2.0
0.0005, 0.12999999999999998, 4.0
0.0006000000000000001, 0.12999999999999998, 4.0
0.0007000000000000001, 0.12999999999999998, 7.0
0.0008000000000000001, 0.12999999999999998, 7.0
0.0009000000000000002, 0.12999999999999998, 5.0
0.0010000000000000002, 0.12999999999999998, 5.0
0.0011000000000000003, 0.12999999999999998, 9.0
0.0012000000000000003, 0.12999999999999998, 9.0
0.0013000000000000004, 0.12999999999999998, 9.0
0.0014000000000000004, 0.12999999999999998, 9.0
0.0015000000000000005, 0.12999999999999998, 8.0
0.0016000000000000005, 0.12999999999999998, 8.0
0.0017000000000000006, 0.12999999999999998, 8.0
0.0018000000000000006, 0.12999999999999998, 8.0
0.0019000000000000006, 0.12999999999999998, 5.0
0.0020000000000000005, 0.12999999999999998, 9.0
0.0021000000000000003, 0.12999999999999998, 9.0
0.0022, 0.12999999999999998, 8.0
0.0023, 0.12999999999999998, 8.0
0.0024, 0.12999999999999998, 8.0
0.0024999999999999996, 0.12999999999999998, 8.0
0.0001, 0.13999999999999999, 0.0
0.0002, 0.13999999999999999, 0.0
0.00030000000000000003, 0.13999999999999999, 0.0
0.0004, 0.13999999999999999, 3.0
0.0005, 0.13999999999999999, 4.0
0.0006000000000000001, 0.13999999999999999, 4.0
0.0007000000000000001, 0.13999999999999999, 7.0
0.0008000000000000001, 0.13999999999999999, 6.0
0.0009000000000000002, 0.13999999999999999, 8.0
0.0010000000000000002, 0.13999999999999999, 7.0
0.0011000000000000003, 0.13999999999999999, 8.0
0.0012000000000000003, 0.13999999999999999, 8.0
0.0013000000000000004, 0.13999999999999999, 8.0
0.0014000000000000004, 0.13999999999999999, 8.0
0.0015000000000000005, 0.13999999999999999, 9.0
0.0016000000000000005, 0.13999999999999999, 8.0
0.0017000000000000006, 0.13999999999999999, 7.0
0.0018000000000000006, 0.13999999999999999, 8.0
0.0019000000000000006, 0.13999999999999999, 8.0
0.0020000000000000005, 0.13999999999999999, 9.0
0.0021000000000000003, 0.13999999999999999, 8.0
0.0022, 0.13999999999999999, 9.0
0.0023, 0.13999999999999999, 9.0
0.0024, 0.13999999999999999, 9.0
0.0024999999999999996, 0.13999999999999999, 10.0
0.0001, 0.15, 0.0
0.0002, 0.15, 0.0
0.00030000000000000003, 0.15, 2.0
0.0004, 0.15, 3.0
0.0005, 0.15, 7.0
0.0006000000000000001, 0.15, 5.0
0.0007000000000000001, 0.15, 6.0
0.0008000000000000001, 0.15, 7.0
0.0009000000000000002, 0.15, 8.0
0.0010000000000000002, 0.15, 8.0
0.0011000000000000003, 0.15, 8.0
0.0012000000000000003, 0.15, 8.0
0.0013000000000000004, 0.15, 9.0
0.0014000000000000004, 0.15, 8.0
0.0015000000000000005, 0.15, 9.0
0.0016000000000000005, 0.15, 9.0
0.0017000000000000006, 0.15, 9.0
0.0018000000000000006, 0.15, 9.0
0.0019000000000000006, 0.15, 9.0
0.0020000000000000005, 0.15, 9.0
0.0021000000000000003, 0.15, 9.0
0.0022, 0.15, 9.0
0.0023, 0.15, 9.0
0.0024, 0.15, 10.0
0.0024999999999999996, 0.15, 10.0
0.0001, 0.16, 0.0
0.0002, 0.16, 0.0
0.00030000000000000003, 0.16, 2.0
0.0004, 0.16, 4.0
0.0005, 0.16, 5.0
0.0006000000000000001, 0.16, 6.0
0.0007000000000000001, 0.16, 7.0
0.0008000000000000001, 0.16, 8.0
0.0009000000000000002, 0.16, 8.0
0.0010000000000000002, 0.16, 8.0
0.0011000000000000003, 0.16, 8.0
0.0012000000000000003, 0.16, 8.0
0.0013000000000000004, 0.16, 9.0
0.0014000000000000004, 0.16, 7.0
0.0015000000000000005, 0.16, 9.0
0.0016000000000000005, 0.16, 9.0
0.0017000000000000006, 0.16, 9.0
0.0018000000000000006, 0.16, 9.0
0.0019000000000000006, 0.16, 9.0
0.0020000000000000005, 0.16, 10.0
0.0021000000000000003, 0.16, 10.0
0.0022, 0.16, 9.0
0.0023, 0.16, 9.0
0.0024, 0.16, 9.0
0.0024999999999999996, 0.16, 9.0
0.0001, 0.17, 0.0
0.0002, 0.17, 0.0
0.00030000000000000003, 0.17, 3.0
0.0004, 0.17, 6.0
0.0005, 0.17, 6.0
0.0006000000000000001, 0.17, 7.0
0.0007000000000000001, 0.17, 8.0
0.0008000000000000001, 0.17, 8.0
0.0009000000000000002, 0.17, 8.0
0.0010000000000000002, 0.17, 8.0
0.0011000000000000003, 0.17, 9.0
0.0012000000000000003, 0.17, 8.0
0.0013000000000000004, 0.17, 9.0
0.0014000000000000004, 0.17, 8.0
0.0015000000000000005, 0.17, 9.0
0.0016000000000000005, 0.17, 10.0
0.0017000000000000006, 0.17, 9.0
0.0018000000000000006, 0.17, 9.0
0.0019000000000000006, 0.17, 10.0
0.0020000000000000005, 0.17, 10.0
0.0021000000000000003, 0.17, 10.0
0.0022, 0.17, 10.0
0.0023, 0.17, 10.0
0.0024, 0.17, 10.0
0.0024999999999999996, 0.17, 10.0
0.0001, 0.18000000000000002, 0.0
0.0002, 0.18000000000000002, 0.0
0.00030000000000000003, 0.18000000000000002, 4.0
0.0004, 0.18000000000000002, 6.0
0.0005, 0.18000000000000002, 6.0
0.0006000000000000001, 0.18000000000000002, 7.0
0.0007000000000000001, 0.18000000000000002, 8.0
0.0008000000000000001, 0.18000000000000002, 8.0
0.0009000000000000002, 0.18000000000000002, 9.0
0.0010000000000000002, 0.18000000000000002, 9.0
0.0011000000000000003, 0.18000000000000002, 9.0
0.0012000000000000003, 0.18000000000000002, 9.0
0.0013000000000000004, 0.18000000000000002, 9.0
0.0014000000000000004, 0.18000000000000002, 10.0
0.0015000000000000005, 0.18000000000000002, 10.0
0.0016000000000000005, 0.18000000000000002, 9.0
0.0017000000000000006, 0.18000000000000002, 10.0
0.0018000000000000006, 0.18000000000000002, 10.0
0.0019000000000000006, 0.18000000000000002, 10.0
0.0020000000000000005, 0.18000000000000002, 10.0
0.0021000000000000003, 0.18000000000000002, 10.0
0.0022, 0.18000000000000002, 10.0
0.0023, 0.18000000000000002, 10.0
0.0024, 0.18000000000000002, 10.0
0.0024999999999999996, 0.18000000000000002, 10.0
0.0001, 0.19000000000000003, 0.0
0.0002, 0.19000000000000003, 2.0
0.00030000000000000003, 0.19000000000000003, 5.0
0.0004, 0.19000000000000003, 7.0
0.0005, 0.19000000000000003, 7.0
0.0006000000000000001, 0.19000000000000003, 8.0
0.0007000000000000001, 0.19000000000000003, 8.0
0.0008000000000000001, 0.19000000000000003, 9.0
0.0009000000000000002, 0.19000000000000003, 9.0
0.0010000000000000002, 0.19000000000000003, 9.0
0.0011000000000000003, 0.19000000000000003, 9.0
0.0012000000000000003, 0.19000000000000003, 10.0
0.0013000000000000004, 0.19000000000000003, 10.0
0.0014000000000000004, 0.19000000000000003, 10.0
0.0015000000000000005, 0.19000000000000003, 9.0
0.0016000000000000005, 0.19000000000000003, 10.0
0.0017000000000000006, 0.19000000000000003, 10.0
0.0018000000000000006, 0.19000000000000003, 10.0
0.0019000000000000006, 0.19000000000000003, 10.0
0.0020000000000000005, 0.19000000000000003, 10.0
0.0021000000000000003, 0.19000000000000003, 10.0
0.0022, 0.19000000000000003, 10.0
0.0023, 0.19000000000000003, 10.0
0.0024, 0.19000000000000003, 10.0
0.0024999999999999996, 0.19000000000000003, 10.0
0.0001, 0.20000000000000004, 0.0
0.0002, 0.20000000000000004, 3.0
0.00030000000000000003, 0.20000000000000004, 5.0
0.0004, 0.20000000000000004, 7.0
0.0005, 0.20000000000000004, 7.0
0.0006000000000000001, 0.20000000000000004, 8.0
0.0007000000000000001, 0.20000000000000004, 10.0
0.0008000000000000001, 0.20000000000000004, 9.0
0.0009000000000000002, 0.20000000000000004, 9.0
0.0010000000000000002, 0.20000000000000004, 9.0
0.0011000000000000003, 0.20000000000000004, 9.0
0.0012000000000000003, 0.20000000000000004, 9.0
0.0013000000000000004, 0.20000000000000004, 10.0
0.0014000000000000004, 0.20000000000000004, 9.0
0.0015000000000000005, 0.20000000000000004, 9.0
0.0016000000000000005, 0.20000000000000004, 10.0
0.0017000000000000006, 0.20000000000000004, 10.0
0.0018000000000000006, 0.20000000000000004, 10.0
0.0019000000000000006, 0.20000000000000004, 10.0
0.0020000000000000005, 0.20000000000000004, 10.0
0.0021000000000000003, 0.20000000000000004, 10.0
0.0022, 0.20000000000000004, 10.0
0.0023, 0.20000000000000004, 10.0
0.0024, 0.20000000000000004, 10.0
0.0024999999999999996, 0.20000000000000004, 10.0
0.0001, 0.21000000000000005, 0.0
0.0002, 0.21000000000000005, 4.0
0.00030000000000000003, 0.21000000000000005, 6.0
0.0004, 0.21000000000000005, 7.0
0.0005, 0.21000000000000005, 8.0
0.0006000000000000001, 0.21000000000000005, 8.0
0.0007000000000000001, 0.21000000000000005, 9.0
0.0008000000000000001, 0.21000000000000005, 9.0
0.0009000000000000002, 0.21000000000000005, 9.0
0.0010000000000000002, 0.21000000000000005, 9.0
0.0011000000000000003, 0.21000000000000005, 10.0
0.0012000000000000003, 0.21000000000000005, 9.0
0.0013000000000000004, 0.21000000000000005, 10.0
0.0014000000000000004, 0.21000000000000005, 10.0
0.0015000000000000005, 0.21000000000000005, 10.0
0.0016000000000000005, 0.21000000000000005, 10.0
0.0017000000000000006, 0.21000000000000005, 10.0
0.0018000000000000006, 0.21000000000000005, 10.0
0.0019000000000000006, 0.21000000000000005, 10.0
0.0020000000000000005, 0.21000000000000005, 10.0
0.0021000000000000003, 0.21000000000000005, 10.0
0.0022, 0.21000000000000005, 10.0
0.0023, 0.21000000000000005, 10.0
0.0024, 0.21000000000000005, 10.0
0.0024999999999999996, 0.21000000000000005, 10.0
0.0001, 0.22000000000000006, 0.0
0.0002, 0.22000000000000006, 5.0
0.00030000000000000003, 0.22000000000000006, 7.0
0.0004, 0.22000000000000006, 8.0
0.0005, 0.22000000000000006, 8.0
0.0006000000000000001, 0.22000000000000006, 9.0
0.0007000000000000001, 0.22000000000000006, 9.0
0.0008000000000000001, 0.22000000000000006, 9.0
0.0009000000000000002, 0.22000000000000006, 9.0
0.0010000000000000002, 0.22000000000000006, 10.0
0.0011000000000000003, 0.22000000000000006, 10.0
0.0012000000000000003, 0.22000000000000006, 10.0
0.0013000000000000004, 0.22000000000000006, 10.0
0.0014000000000000004, 0.22000000000000006, 10.0
0.0015000000000000005, 0.22000000000000006, 10.0
0.0016000000000000005, 0.22000000000000006, 10.0
0.0017000000000000006, 0.22000000000000006, 10.0
0.0018000000000000006, 0.22000000000000006, 10.0
0.0019000000000000006, 0.22000000000000006, 10.0
0.0020000000000000005, 0.22000000000000006, 10.0
0.0021000000000000003, 0.22000000000000006, 10.0
0.0022, 0.22000000000000006, 10.0
0.0023, 0.22000000000000006, 10.0
0.0024, 0.22000000000000006, 10.0
0.0024999999999999996, 0.22000000000000006, 10.0
0.0001, 0.23000000000000007, 0.0
0.0002, 0.23000000000000007, 5.0
0.00030000000000000003, 0.23000000000000007, 8.0
0.0004, 0.23000000000000007, 8.0
0.0005, 0.23000000000000007, 8.0
0.0006000000000000001, 0.23000000000000007, 9.0
0.0007000000000000001, 0.23000000000000007, 9.0
0.0008000000000000001, 0.23000000000000007, 9.0
0.0009000000000000002, 0.23000000000000007, 9.0
0.0010000000000000002, 0.23000000000000007, 10.0
0.0011000000000000003, 0.23000000000000007, 10.0
0.0012000000000000003, 0.23000000000000007, 10.0
0.0013000000000000004, 0.23000000000000007, 10.0
0.0014000000000000004, 0.23000000000000007, 10.0
0.0015000000000000005, 0.23000000000000007, 10.0
0.0016000000000000005, 0.23000000000000007, 10.0
0.0017000000000000006, 0.23000000000000007, 10.0
0.0018000000000000006, 0.23000000000000007, 10.0
0.0019000000000000006, 0.23000000000000007, 10.0
0.0020000000000000005, 0.23000000000000007, 10.0
0.0021000000000000003, 0.23000000000000007, 10.0
0.0022, 0.23000000000000007, 10.0
0.0023, 0.23000000000000007, 10.0
0.0024, 0.23000000000000007, 10.0
0.0024999999999999996, 0.23000000000000007, 10.0
0.0001, 0.24000000000000007, 1.0
0.0002, 0.24000000000000007, 5.0
0.00030000000000000003, 0.24000000000000007, 8.0
0.0004, 0.24000000000000007, 8.0
0.0005, 0.24000000000000007, 9.0
0.0006000000000000001, 0.24000000000000007, 9.0
0.0007000000000000001, 0.24000000000000007, 9.0
0.0008000000000000001, 0.24000000000000007, 9.0
0.0009000000000000002, 0.24000000000000007, 10.0
0.0010000000000000002, 0.24000000000000007, 10.0
0.0011000000000000003, 0.24000000000000007, 10.0
0.0012000000000000003, 0.24000000000000007, 10.0
0.0013000000000000004, 0.24000000000000007, 10.0
0.0014000000000000004, 0.24000000000000007, 10.0
0.0015000000000000005, 0.24000000000000007, 10.0
0.0016000000000000005, 0.24000000000000007, 10.0
0.0017000000000000006, 0.24000000000000007, 10.0
0.0018000000000000006, 0.24000000000000007, 10.0
0.0019000000000000006, 0.24000000000000007, 10.0
0.0020000000000000005, 0.24000000000000007, 10.0
0.0021000000000000003, 0.24000000000000007, 10.0
0.0022, 0.24000000000000007, 10.0
0.0023, 0.24000000000000007, 10.0
0.0024, 0.24000000000000007, 10.0
0.0024999999999999996, 0.24000000000000007, 9.0