loop filter i	 loop filter gain	 decoded packets
0.0021	0.15	10
0.0018	0.16	10
0.0019	0.17	10
0.0004	0.15	10
0.0006	0.15	10
0.0008	0.15	10
0.001	0.15	10
0.0012	0.15	10
0.0007	0.16	10
0.0009	0.16	10
0.001	0.16	10
0.0011	0.16	10
0.0004	0.17	10
0.0008	0.17	10
0.001	0.17	10
0.0009	0.18	10
0.0012	0.04	10
0.0004	0.05	10
0.0005	0.05	10
0.0006	0.05	10
0.0008	0.05	10
0.0009	0.05	10
0.001	0.05	10
0.0013	0.05	10
0.0004	0.06	10
0.0005	0.06	10
0.0006	0.06	10
0.0007	0.06	10
0.0008	0.06	10
0.0011	0.06	10
0.0012	0.06	10
0.0013	0.06	10
0.0005	0.07	10
0.0007	0.07	10
0.0008	0.07	10
0.0009	0.07	10
0.0011	0.07	10
0.0012	0.07	10
0.0004	0.08	10
0.0005	0.08	10
0.0006	0.08	10
0.0007	0.08	10
0.0008	0.08	10
0.0009	0.08	10
0.001	0.08	10
0.0011	0.08	10
0.0012	0.08	10
0.0005	0.09	10
0.0006	0.09	10
0.0007	0.09	10
0.0008	0.09	10
0.0009	0.09	10
0.0011	0.09	10
0.0007	0.1	10
0.0008	0.11	10
0.001	0.11	10
0.0004	0.12	10
0.0005	0.12	10
0.0012	0.12	10
0.0005	0.13	10
0.0006	0.13	10
0.0008	0.13	10
0.001	0.13	10
0.0011	0.13	10
0.0004	0.14	10
0.0005	0.14	10
0.0007	0.14	10
0.0008	0.14	10
0.001	0.14	10
0.0011	0.14	10
0.0012	0.14	10
0.0017	0.04	10
0.0018	0.04	10
0.0019	0.04	10
0.002	0.04	10
0.0021	0.04	10
0.0022	0.04	10
0.0023	0.04	10
0.0025	0.04	10
0.0015	0.05	10
0.0016	0.05	10
0.0017	0.05	10
0.0018	0.05	10
0.0022	0.05	10
0.0024	0.05	10
0.0015	0.06	10
0.0017	0.06	10
0.002	0.06	10
0.0021	0.06	10
0.0015	0.07	10
0.0016	0.07	10
0.0018	0.07	10
0.0021	0.08	10
0.0023	0.08	10
0.0025	0.08	10
0.0018	0.09	10
0.0015	0.1	10
0.0018	0.1	10
0.0018	0.11	10
0.002	0.11	10
0.0022	0.11	10
0.0025	0.12	10
0.0019	0.13	10
0.0003	0.02	10
0.0017	0.02	10
0.0018	0.02	10
0.0001	0.03	10
0.0002	0.03	10
0.0003	0.03	10
0.0018	0.03	10
0.0024	0.03	10
0.0017	0.15	9
0.0018	0.15	9
0.0019	0.15	9
0.0022	0.15	9
0.0015	0.16	9
0.002	0.16	9
0.0015	0.17	9
0.0016	0.17	9
0.0023	0.17	9
0.0016	0.18	9
0.0017	0.18	9
0.0015	0.19	9
0.0016	0.19	9
0.0019	0.19	9
0.0015	0.2	9
0.0005	0.15	9
0.0007	0.15	9
0.0009	0.15	9
0.0011	0.15	9
0.0013	0.15	9
0.0005	0.16	9
0.0012	0.16	9
0.0005	0.17	9
0.0006	0.17	9
0.0009	0.17	9
0.0011	0.17	9
0.0004	0.18	9
0.0006	0.18	9
0.0007	0.18	9
0.0008	0.18	9
0.0013	0.18	9
0.0005	0.19	9
0.0006	0.19	9
0.0007	0.19	9
0.0011	0.19	9
0.0004	0.2	9
0.0005	0.2	9
0.0006	0.2	9
0.0007	0.2	9
0.0004	0.21	9
0.0006	0.21	9
0.0007	0.21	9
0.0008	0.21	9
0.0013	0.21	9
0.0004	0.22	9
0.0005	0.22	9
0.0006	0.22	9
0.0007	0.22	9
0.0012	0.22	9
0.0005	0.23	9
0.0007	0.23	9
0.0008	0.23	9
0.0004	0.04	9
0.0005	0.04	9
0.0006	0.04	9
0.0007	0.04	9
0.0008	0.04	9
0.0013	0.04	9
0.0007	0.05	9
0.0011	0.05	9
0.001	0.06	9
0.0004	0.07	9
0.0006	0.07	9
0.001	0.07	9
0.0013	0.07	9
0.001	0.09	9
0.0012	0.09	9
0.0013	0.09	9
0.0004	0.1	9
0.0005	0.1	9
0.0006	0.1	9
0.0009	0.1	9
0.001	0.1	9
0.0011	0.1	9
0.0004	0.11	9
0.0005	0.11	9
0.0006	0.11	9
0.0007	0.11	9
0.0009	0.11	9
0.0011	0.11	9
0.0013	0.11	9
0.0006	0.12	9
0.0008	0.12	9
0.0009	0.12	9
0.001	0.12	9
0.0011	0.12	9
0.0013	0.12	9
0.0004	0.13	9
0.0007	0.13	9
0.0009	0.13	9
0.0012	0.13	9
0.0013	0.13	9
0.0006	0.14	9
0.0009	0.14	9
0.0013	0.14	9
0.0015	0.04	9
0.0016	0.04	9
0.0024	0.04	9
0.0019	0.05	9
0.002	0.05	9
0.0021	0.05	9
0.0016	0.06	9
0.0019	0.06	9
0.0022	0.06	9
0.0025	0.06	9
0.0017	0.07	9
0.0019	0.07	9
0.0021	0.07	9
0.0022	0.07	9
0.0023	0.07	9
0.0024	0.07	9
0.0015	0.08	9
0.0016	0.08	9
0.0017	0.08	9
0.0019	0.08	9
0.0022	0.08	9
0.0024	0.08	9
0.0019	0.09	9
0.0021	0.09	9
0.0019	0.1	9
0.002	0.1	9
0.0022	0.1	9
0.0025	0.1	9
0.0016	0.11	9
0.0021	0.11	9
0.0023	0.11	9
0.0016	0.12	9
0.0017	0.12	9
0.0018	0.12	9
0.0019	0.12	9
0.0021	0.12	9
0.0022	0.12	9
0.0023	0.12	9
0.0024	0.12	9
0.0015	0.13	9
0.0018	0.13	9
0.0022	0.13	9
0.0023	0.13	9
0.0024	0.13	9
0.0025	0.13	9
0.0016	0.14	9
0.0017	0.14	9
0.0019	0.14	9
0.002	0.14	9
0.0021	0.14	9
0.0022	0.14	9
0.0024	0.14	9
0.0007	0.01	9
0.0014	0.01	9
0.0025	0.01	9
0.0001	0.02	9
0.0002	0.02	9
0.0004	0.02	9
0.0006	0.02	9
0.0012	0.02	9
0.0016	0.02	9
0.0019	0.02	9
0.0021	0.02	9
0.0022	0.02	9
0.0023	0.02	9
0.0024	0.02	9
0.0025	0.02	9
0.0004	0.03	9
0.0007	0.03	9
0.0008	0.03	9
0.0009	0.03	9
0.0011	0.03	9
0.0012	0.03	9
0.0013	0.03	9
0.0014	0.03	9
0.0017	0.03	9
0.0019	0.03	9
0.002	0.03	9
0.0021	0.03	9
0.0022	0.03	9
0.0023	0.03	9
0.0025	0.03	9
0.0015	0.15	8
0.0016	0.15	8
0.002	0.15	8
0.0023	0.15	8
0.0024	0.15	8
0.0025	0.15	8
0.0017	0.16	8
0.0019	0.16	8
0.0021	0.16	8
0.002	0.17	8
0.0022	0.17	8
0.0024	0.17	8
0.0015	0.18	8
0.0018	0.18	8
0.002	0.18	8
0.0023	0.18	8
0.0024	0.18	8
0.0017	0.19	8
0.0021	0.19	8
0.0016	0.2	8
0.0017	0.2	8
0.0018	0.2	8
0.002	0.2	8
0.0022	0.2	8
0.0015	0.21	8
0.0016	0.21	8
0.0017	0.21	8
0.002	0.21	8
0.0021	0.21	8
0.0022	0.21	8
0.0024	0.21	8
0.0025	0.21	8
0.0015	0.22	8
0.0016	0.22	8
0.0018	0.22	8
0.0015	0.23	8
0.0016	0.23	8
0.0015	0.24	8
0.0022	0.24	8
0.0004	0.16	8
0.0006	0.16	8
0.0008	0.16	8
0.0013	0.16	8
0.0007	0.17	8
0.0012	0.17	8
0.0013	0.17	8
0.0005	0.18	8
0.001	0.18	8
0.0004	0.19	8
0.0008	0.19	8
0.0009	0.19	8
0.0008	0.2	8
0.0009	0.2	8
0.0011	0.2	8
0.0013	0.2	8
0.0005	0.21	8
0.0012	0.21	8
0.0009	0.22	8
0.001	0.22	8
0.0013	0.22	8
0.0004	0.23	8
0.0006	0.23	8
0.0009	0.23	8
0.001	0.23	8
0.0005	0.24	8
0.0006	0.24	8
0.0008	0.24	8
0.0009	0.24	8
0.001	0.24	8
0.0011	0.24	8
0.0012	0.24	8
0.0013	0.24	8
0.0009	0.04	8
0.001	0.04	8
0.0011	0.04	8
0.0012	0.05	8
0.0009	0.06	8
0.0013	0.08	8
0.0004	0.09	8
0.0008	0.1	8
0.0012	0.11	8
0.0007	0.12	8
0.0023	0.05	8
0.0018	0.06	8
0.0023	0.06	8
0.0024	0.06	8
0.002	0.07	8
0.0018	0.08	8
0.0015	0.09	8
0.0017	0.09	8
0.002	0.09	8
0.0022	0.09	8
0.0023	0.09	8
0.0024	0.09	8
0.0025	0.09	8
0.0016	0.1	8
0.0017	0.1	8
0.0021	0.1	8
0.0023	0.1	8
0.0024	0.1	8
0.0015	0.11	8
0.0017	0.11	8
0.0019	0.11	8
0.0024	0.11	8
0.0025	0.11	8
0.0015	0.12	8
0.002	0.12	8
0.0018	0.14	8
0.0023	0.14	8
0.0008	0.01	8
0.0009	0.01	8
0.0013	0.01	8
0.0016	0.01	8
0.0017	0.01	8
0.0018	0.01	8
0.0023	0.01	8
0.0024	0.01	8
0.0005	0.02	8
0.0008	0.02	8
0.0009	0.02	8
0.001	0.02	8
0.0013	0.02	8
0.0014	0.02	8
0.0015	0.02	8
0.002	0.02	8
0.0005	0.03	8
0.0006	0.03	8
0.001	0.03	8
0.0015	0.03	8
0.0016	0.03	8
0.0016	0.16	7
0.0022	0.16	7
0.0023	0.16	7
0.0024	0.16	7
0.0017	0.17	7
0.0018	0.17	7
0.0021	0.17	7
0.0025	0.17	7
0.0019	0.18	7
0.0025	0.18	7
0.0018	0.19	7
0.002	0.19	7
0.0022	0.19	7
0.0023	0.19	7
0.0024	0.19	7
0.0025	0.19	7
0.0019	0.2	7
0.0021	0.2	7
0.0023	0.2	7
0.0025	0.2	7
0.0018	0.21	7
0.0019	0.21	7
0.0023	0.21	7
0.0017	0.22	7
0.0019	0.22	7
0.002	0.22	7
0.0021	0.22	7
0.0023	0.22	7
0.0024	0.22	7
0.0025	0.22	7
0.0017	0.23	7
0.0018	0.23	7
0.0019	0.23	7
0.002	0.23	7
0.0021	0.23	7
0.0022	0.23	7
0.0023	0.23	7
0.0016	0.24	7
0.0017	0.24	7
0.0018	0.24	7
0.002	0.24	7
0.0021	0.24	7
0.0023	0.24	7
0.0024	0.24	7
0.0012	0.18	7
0.0012	0.19	7
0.0013	0.19	7
0.001	0.2	7
0.0012	0.2	7
0.0009	0.21	7
0.0011	0.21	7
0.0008	0.22	7
0.0011	0.22	7
0.0011	0.23	7
0.0012	0.23	7
0.0013	0.23	7
0.0004	0.24	7
0.0007	0.24	7
0.0013	0.1	7
0.0025	0.07	7
0.002	0.08	7
0.0016	0.09	7
0.0016	0.13	7
0.002	0.13	7
0.0021	0.13	7
0.0015	0.14	7
0.0001	0.01	7
0.0003	0.01	7
0.001	0.01	7
0.0011	0.01	7
0.0012	0.01	7
0.0015	0.01	7
0.0019	0.01	7
0.0007	0.02	7
0.0011	0.02	7
0.0021	0.18	6
0.0022	0.18	6
0.0024	0.2	6
0.0022	0.22	6
0.0024	0.23	6
0.0019	0.24	6
0.0011	0.18	6
0.001	0.19	6
0.001	0.21	6
0.0012	0.1	6
0.0025	0.05	6
0.0017	0.13	6
0.0025	0.14	6
0.0004	0.01	6
0.0006	0.01	6
0.002	0.01	6
0.0022	0.01	6
0.0025	0.16	5
0.0025	0.23	5
0.0025	0.24	5
0.0002	0.01	5
0.0021	0.01	5
0.0005	0.01	4