loop filter i, loop filter gain, decoded packets
0.001, 0.01, 0.0
0.0011, 0.01, 0.0
0.0012000000000000001, 0.01, 0.0
0.0013000000000000002, 0.01, 0.0
0.0014000000000000002, 0.01, 0.0
0.0015000000000000002, 0.01, 0.0
0.0016000000000000003, 0.01, 0.0
0.0017000000000000003, 0.01, 0.0
0.0018000000000000004, 0.01, 0.0
0.0019000000000000004, 0.01, 0.0
0.0020000000000000005, 0.01, 0.0
0.0021000000000000003, 0.01, 0.0
0.0022, 0.01, 0.0
0.0023, 0.01, 0.0
0.0024, 0.01, 0.0
0.0024999999999999996, 0.01, 0.0
0.0025999999999999994, 0.01, 0.0
0.0026999999999999993, 0.01, 0.0
0.002799999999999999, 0.01, 0.0
0.002899999999999999, 0.01, 0.0
0.0029999999999999988, 0.01, 0.0
0.0030999999999999986, 0.01, 0.0
0.0031999999999999984, 0.01, 0.0
0.0032999999999999982, 0.01, 0.0
0.003399999999999998, 0.01, 0.0
0.003499999999999998, 0.01, 0.0
0.0035999999999999977, 0.01, 0.0
0.0036999999999999976, 0.01, 0.0
0.0037999999999999974, 0.01, 0.0
0.0038999999999999972, 0.01, 0.0
0.0039999999999999975, 0.01, 0.0
0.001, 0.02, 0.0
0.0011, 0.02, 0.0
0.0012000000000000001, 0.02, 0.0
0.0013000000000000002, 0.02, 0.0
0.0014000000000000002, 0.02, 0.0
0.0015000000000000002, 0.02, 0.0
0.0016000000000000003, 0.02, 0.0
0.0017000000000000003, 0.02, 0.0
0.0018000000000000004, 0.02, 0.0
0.0019000000000000004, 0.02, 0.0
0.0020000000000000005, 0.02, 0.0
0.0021000000000000003, 0.02, 0.0
0.0022, 0.02, 0.0
0.0023, 0.02, 0.0
0.0024, 0.02, 0.0
0.0024999999999999996, 0.02, 0.0
0.0025999999999999994, 0.02, 0.0
0.0026999999999999993, 0.02, 0.0
0.002799999999999999, 0.02, 0.0
0.002899999999999999, 0.02, 0.0
0.0029999999999999988, 0.02, 0.0
0.0030999999999999986, 0.02, 0.0
0.0031999999999999984, 0.02, 0.0
0.0032999999999999982, 0.02, 0.0
0.003399999999999998, 0.02, 0.0
0.003499999999999998, 0.02, 0.0
0.0035999999999999977, 0.02, 0.0
0.0036999999999999976, 0.02, 0.0
0.0037999999999999974, 0.02, 0.0
0.0038999999999999972, 0.02, 0.0
0.0039999999999999975, 0.02, 0.0
0.001, 0.03, 0.0
0.0011, 0.03, 0.0
0.0012000000000000001, 0.03, 0.0
0.0013000000000000002, 0.03, 0.0
0.0014000000000000002, 0.03, 0.0
0.0015000000000000002, 0.03, 0.0
0.0016000000000000003, 0.03, 0.0
0.0017000000000000003, 0.03, 0.0
0.0018000000000000004, 0.03, 0.0
0.0019000000000000004, 0.03, 0.0
0.0020000000000000005, 0.03, 0.0
0.0021000000000000003, 0.03, 0.0
0.0022, 0.03, 0.0
0.0023, 0.03, 0.0
0.0024, 0.03, 0.0
0.0024999999999999996, 0.03, 0.0
0.0025999999999999994, 0.03, 0.0
0.0026999999999999993, 0.03, 0.0
0.002799999999999999, 0.03, 0.0
0.002899999999999999, 0.03, 0.0
0.0029999999999999988, 0.03, 0.0
0.0030999999999999986, 0.03, 0.0
0.0031999999999999984, 0.03, 0.0
0.0032999999999999982, 0.03, 0.0
0.003399999999999998, 0.03, 0.0
0.003499999999999998, 0.03, 0.0
0.0035999999999999977, 0.03, 0.0
0.0036999999999999976, 0.03, 0.0
0.0037999999999999974, 0.03, 0.0
0.0038999999999999972, 0.03, 0.0
0.0039999999999999975, 0.03, 0.0
0.001, 0.04, 0.0
0.0011, 0.04, 0.0
0.0012000000000000001, 0.04, 0.0
0.0013000000000000002, 0.04, 0.0
0.0014000000000000002, 0.04, 0.0
0.0015000000000000002, 0.04, 0.0
0.0016000000000000003, 0.04, 0.0
0.0017000000000000003, 0.04, 0.0
0.0018000000000000004, 0.04, 0.0
0.0019000000000000004, 0.04, 0.0
0.0020000000000000005, 0.04, 0.0
0.0021000000000000003, 0.04, 0.0
0.0022, 0.04, 0.0
0.0023, 0.04, 0.0
0.0024, 0.04, 0.0
0.0024999999999999996, 0.04, 0.0
0.0025999999999999994, 0.04, 0.0
0.0026999999999999993, 0.04, 0.0
0.002799999999999999, 0.04, 0.0
0.002899999999999999, 0.04, 0.0
0.0029999999999999988, 0.04, 0.0
0.0030999999999999986, 0.04, 0.0
0.0031999999999999984, 0.04, 0.0
0.0032999999999999982, 0.04, 0.0
0.003399999999999998, 0.04, 0.0
0.003499999999999998, 0.04, 0.0
0.0035999999999999977, 0.04, 0.0
0.0036999999999999976, 0.04, 0.0
0.0037999999999999974, 0.04, 0.0
0.0038999999999999972, 0.04, 0.0
0.0039999999999999975, 0.04, 0.0
0.001, 0.05, 0.0
0.0011, 0.05, 0.0
0.0012000000000000001, 0.05, 0.0
0.0013000000000000002, 0.05, 0.0
0.0014000000000000002, 0.05, 0.0
0.0015000000000000002, 0.05, 0.0
0.0016000000000000003, 0.05, 0.0
0.0017000000000000003, 0.05, 0.0
0.0018000000000000004, 0.05, 0.0
0.0019000000000000004, 0.05, 0.0
0.0020000000000000005, 0.05, 0.0
0.0021000000000000003, 0.05, 0.0
0.0022, 0.05, 0.0
0.0023, 0.05, 0.0
0.0024, 0.05, 0.0
0.0024999999999999996, 0.05, 0.0
0.0025999999999999994, 0.05, 0.0
0.0026999999999999993, 0.05, 0.0
0.002799999999999999, 0.05, 0.0
0.002899999999999999, 0.05, 0.0
0.0029999999999999988, 0.05, 0.0
0.0030999999999999986, 0.05, 1.0
0.0031999999999999984, 0.05, 0.0
0.0032999999999999982, 0.05, 0.0
0.003399999999999998, 0.05, 0.0
0.003499999999999998, 0.05, 1.0
0.0035999999999999977, 0.05, 4.0
0.0036999999999999976, 0.05, 0.0
0.0037999999999999974, 0.05, 5.0
0.0038999999999999972, 0.05, 5.0
0.0039999999999999975, 0.05, 1.0
0.001, 0.060000000000000005, 0.0
0.0011, 0.060000000000000005, 0.0
0.0012000000000000001, 0.060000000000000005, 0.0
0.0013000000000000002, 0.060000000000000005, 0.0
0.0014000000000000002, 0.060000000000000005, 0.0
0.0015000000000000002, 0.060000000000000005, 0.0
0.0016000000000000003, 0.060000000000000005, 0.0
0.0017000000000000003, 0.060000000000000005, 0.0
0.0018000000000000004, 0.060000000000000005, 0.0
0.0019000000000000004, 0.060000000000000005, 0.0
0.0020000000000000005, 0.060000000000000005, 0.0
0.0021000000000000003, 0.060000000000000005, 0.0
0.0022, 0.060000000000000005, 0.0
0.0023, 0.060000000000000005, 2.0
0.0024, 0.060000000000000005, 0.0
0.0024999999999999996, 0.060000000000000005, 0.0
0.0025999999999999994, 0.060000000000000005, 0.0
0.0026999999999999993, 0.060000000000000005, 2.0
0.002799999999999999, 0.060000000000000005, 2.0
0.002899999999999999, 0.060000000000000005, 1.0
0.0029999999999999988, 0.060000000000000005, 4.0
0.0030999999999999986, 0.060000000000000005, 0.0
0.0031999999999999984, 0.060000000000000005, 0.0
0.0032999999999999982, 0.060000000000000005, 1.0
0.003399999999999998, 0.060000000000000005, 0.0
0.003499999999999998, 0.060000000000000005, 3.0
0.0035999999999999977, 0.060000000000000005, 0.0
0.0036999999999999976, 0.060000000000000005, 4.0
0.0037999999999999974, 0.060000000000000005, 3.0
0.0038999999999999972, 0.060000000000000005, 1.0
0.0039999999999999975, 0.060000000000000005, 6.0
0.001, 0.07, 0.0
0.0011, 0.07, 0.0
0.0012000000000000001, 0.07, 0.0
0.0013000000000000002, 0.07, 0.0
0.0014000000000000002, 0.07, 0.0
0.0015000000000000002, 0.07, 0.0
0.0016000000000000003, 0.07, 0.0
0.0017000000000000003, 0.07, 0.0
0.0018000000000000004, 0.07, 3.0
0.0019000000000000004, 0.07, 1.0
0.0020000000000000005, 0.07, 3.0
0.0021000000000000003, 0.07, 0.0
0.0022, 0.07, 0.0
0.0023, 0.07, 0.0
0.0024, 0.07, 5.0
0.0024999999999999996, 0.07, 6.0
0.0025999999999999994, 0.07, 6.0
0.0026999999999999993, 0.07, 7.0
0.002799999999999999, 0.07, 5.0
0.002899999999999999, 0.07, 6.0
0.0029999999999999988, 0.07, 4.0
0.0030999999999999986, 0.07, 1.0
0.0031999999999999984, 0.07, 5.0
0.0032999999999999982, 0.07, 3.0
0.003399999999999998, 0.07, 8.0
0.003499999999999998, 0.07, 5.0
0.0035999999999999977, 0.07, 5.0
0.0036999999999999976, 0.07, 0.0
0.0037999999999999974, 0.07, 6.0
0.0038999999999999972, 0.07, 0.0
0.0039999999999999975, 0.07, 5.0
0.001, 0.08, 0.0
0.0011, 0.08, 1.0
0.0012000000000000001, 0.08, 0.0
0.0013000000000000002, 0.08, 0.0
0.0014000000000000002, 0.08, 3.0
0.0015000000000000002, 0.08, 2.0
0.0016000000000000003, 0.08, 0.0
0.0017000000000000003, 0.08, 1.0
0.0018000000000000004, 0.08, 4.0
0.0019000000000000004, 0.08, 4.0
0.0020000000000000005, 0.08, 0.0
0.0021000000000000003, 0.08, 0.0
0.0022, 0.08, 5.0
0.0023, 0.08, 6.0
0.0024, 0.08, 4.0
0.0024999999999999996, 0.08, 7.0
0.0025999999999999994, 0.08, 1.0
0.0026999999999999993, 0.08, 2.0
0.002799999999999999, 0.08, 0.0
0.002899999999999999, 0.08, 2.0
0.0029999999999999988, 0.08, 6.0
0.0030999999999999986, 0.08, 7.0
0.0031999999999999984, 0.08, 8.0
0.0032999999999999982, 0.08, 4.0
0.003399999999999998, 0.08, 0.0
0.003499999999999998, 0.08, 5.0
0.0035999999999999977, 0.08, 8.0
0.0036999999999999976, 0.08, 8.0
0.0037999999999999974, 0.08, 7.0
0.0038999999999999972, 0.08, 7.0
0.0039999999999999975, 0.08, 9.0
0.001, 0.09, 0.0
0.0011, 0.09, 1.0
0.0012000000000000001, 0.09, 3.0
0.0013000000000000002, 0.09, 1.0
0.0014000000000000002, 0.09, 1.0
0.0015000000000000002, 0.09, 1.0
0.0016000000000000003, 0.09, 1.0
0.0017000000000000003, 0.09, 3.0
0.0018000000000000004, 0.09, 6.0
0.0019000000000000004, 0.09, 5.0
0.0020000000000000005, 0.09, 7.0
0.0021000000000000003, 0.09, 7.0
0.0022, 0.09, 1.0
0.0023, 0.09, 8.0
0.0024, 0.09, 8.0
0.0024999999999999996, 0.09, 6.0
0.0025999999999999994, 0.09, 3.0
0.0026999999999999993, 0.09, 6.0
0.002799999999999999, 0.09, 7.0
0.002899999999999999, 0.09, 9.0
0.0029999999999999988, 0.09, 7.0
0.0030999999999999986, 0.09, 9.0
0.0031999999999999984, 0.09, 9.0
0.0032999999999999982, 0.09, 8.0
0.003399999999999998, 0.09, 8.0
0.003499999999999998, 0.09, 7.0
0.0035999999999999977, 0.09, 7.0
0.0036999999999999976, 0.09, 6.0
0.0037999999999999974, 0.09, 7.0
0.0038999999999999972, 0.09, 10.0
0.0039999999999999975, 0.09, 10.0
0.001, 0.09999999999999999, 0.0
0.0011, 0.09999999999999999, 2.0
0.0012000000000000001, 0.09999999999999999, 6.0
0.0013000000000000002, 0.09999999999999999, 5.0
0.0014000000000000002, 0.09999999999999999, 4.0
0.0015000000000000002, 0.09999999999999999, 0.0
0.0016000000000000003, 0.09999999999999999, 5.0
0.0017000000000000003, 0.09999999999999999, 6.0
0.0018000000000000004, 0.09999999999999999, 6.0
0.0019000000000000004, 0.09999999999999999, 4.0
0.0020000000000000005, 0.09999999999999999, 7.0
0.0021000000000000003, 0.09999999999999999, 7.0
0.0022, 0.09999999999999999, 8.0
0.0023, 0.09999999999999999, 8.0
0.0024, 0.09999999999999999, 8.0
0.0024999999999999996, 0.09999999999999999, 7.0
0.0025999999999999994, 0.09999999999999999, 9.0
0.0026999999999999993, 0.09999999999999999, 9.0
0.002799999999999999, 0.09999999999999999, 6.0
0.002899999999999999, 0.09999999999999999, 7.0
0.0029999999999999988, 0.09999999999999999, 7.0
0.0030999999999999986, 0.09999999999999999, 9.0
0.0031999999999999984, 0.09999999999999999, 9.0
0.0032999999999999982, 0.09999999999999999, 8.0
0.003399999999999998, 0.09999999999999999, 9.0
0.003499999999999998, 0.09999999999999999, 9.0
0.0035999999999999977, 0.09999999999999999, 9.0
0.0036999999999999976, 0.09999999999999999, 9.0
0.0037999999999999974, 0.09999999999999999, 9.0
0.0038999999999999972, 0.09999999999999999, 9.0
0.0039999999999999975, 0.09999999999999999, 8.0
0.001, 0.10999999999999999, 0.0
0.0011, 0.10999999999999999, 6.0
0.0012000000000000001, 0.10999999999999999, 5.0
0.0013000000000000002, 0.10999999999999999, 6.0
0.0014000000000000002, 0.10999999999999999, 6.0
0.0015000000000000002, 0.10999999999999999, 4.0
0.0016000000000000003, 0.10999999999999999, 7.0
0.0017000000000000003, 0.10999999999999999, 2.0
0.0018000000000000004, 0.10999999999999999, 7.0
0.0019000000000000004, 0.10999999999999999, 7.0
0.0020000000000000005, 0.10999999999999999, 8.0
0.0021000000000000003, 0.10999999999999999, 8.0
0.0022, 0.10999999999999999, 8.0
0.0023, 0.10999999999999999, 8.0
0.0024, 0.10999999999999999, 7.0
0.0024999999999999996, 0.10999999999999999, 7.0
0.0025999999999999994, 0.10999999999999999, 5.0
0.0026999999999999993, 0.10999999999999999, 8.0
0.002799999999999999, 0.10999999999999999, 9.0
0.002899999999999999, 0.10999999999999999, 9.0
0.0029999999999999988, 0.10999999999999999, 9.0
0.0030999999999999986, 0.10999999999999999, 10.0
0.0031999999999999984, 0.10999999999999999, 10.0
0.0032999999999999982, 0.10999999999999999, 10.0
0.003399999999999998, 0.10999999999999999, 10.0
0.003499999999999998, 0.10999999999999999, 9.0
0.0035999999999999977, 0.10999999999999999, 9.0
0.0036999999999999976, 0.10999999999999999, 10.0
0.0037999999999999974, 0.10999999999999999, 8.0
0.0038999999999999972, 0.10999999999999999, 9.0
0.0039999999999999975, 0.10999999999999999, 8.0
0.001, 0.11999999999999998, 3.0
0.0011, 0.11999999999999998, 6.0
0.0012000000000000001, 0.11999999999999998, 6.0
0.0013000000000000002, 0.11999999999999998, 7.0
0.0014000000000000002, 0.11999999999999998, 6.0
0.0015000000000000002, 0.11999999999999998, 5.0
0.0016000000000000003, 0.11999999999999998, 8.0
0.0017000000000000003, 0.11999999999999998, 8.0
0.0018000000000000004, 0.11999999999999998, 8.0
0.0019000000000000004, 0.11999999999999998, 9.0
0.0020000000000000005, 0.11999999999999998, 8.0
0.0021000000000000003, 0.11999999999999998, 8.0
0.0022, 0.11999999999999998, 7.0
0.0023, 0.11999999999999998, 8.0
0.0024, 0.11999999999999998, 8.0
0.0024999999999999996, 0.11999999999999998, 9.0
0.0025999999999999994, 0.11999999999999998, 9.0
0.0026999999999999993, 0.11999999999999998, 9.0
0.002799999999999999, 0.11999999999999998, 9.0
0.002899999999999999, 0.11999999999999998, 10.0
0.0029999999999999988, 0.11999999999999998, 10.0
0.0030999999999999986, 0.11999999999999998, 10.0
0.0031999999999999984, 0.11999999999999998, 9.0
0.0032999999999999982, 0.11999999999999998, 10.0
0.003399999999999998, 0.11999999999999998, 10.0
0.003499999999999998, 0.11999999999999998, 10.0
0.0035999999999999977, 0.11999999999999998, 10.0
0.0036999999999999976, 0.11999999999999998, 10.0
0.0037999999999999974, 0.11999999999999998, 10.0
0.0038999999999999972, 0.11999999999999998, 10.0
0.0039999999999999975, 0.11999999999999998, 10.0
0.001, 0.12999999999999998, 6.0
0.0011, 0.12999999999999998, 8.0
0.0012000000000000001, 0.12999999999999998, 6.0
0.0013000000000000002, 0.12999999999999998, 7.0
0.0014000000000000002, 0.12999999999999998, 8.0
0.0015000000000000002, 0.12999999999999998, 7.0
0.0016000000000000003, 0.12999999999999998, 7.0
0.0017000000000000003, 0.12999999999999998, 7.0
0.0018000000000000004, 0.12999999999999998, 8.0
0.0019000000000000004, 0.12999999999999998, 8.0
0.0020000000000000005, 0.12999999999999998, 8.0
0.0021000000000000003, 0.12999999999999998, 9.0
0.0022, 0.12999999999999998, 8.0
0.0023, 0.12999999999999998, 10.0
0.0024, 0.12999999999999998, 9.0
0.0024999999999999996, 0.12999999999999998, 9.0
0.0025999999999999994, 0.12999999999999998, 9.0
0.0026999999999999993, 0.12999999999999998, 10.0
0.002799999999999999, 0.12999999999999998, 10.0
0.002899999999999999, 0.12999999999999998, 10.0
0.0029999999999999988, 0.12999999999999998, 10.0
0.0030999999999999986, 0.12999999999999998, 10.0
0.0031999999999999984, 0.12999999999999998, 10.0
0.0032999999999999982, 0.12999999999999998, 10.0
0.003399999999999998, 0.12999999999999998, 10.0
0.003499999999999998, 0.12999999999999998, 10.0
0.0035999999999999977, 0.12999999999999998, 10.0
0.0036999999999999976, 0.12999999999999998, 10.0
0.0037999999999999974, 0.12999999999999998, 10.0
0.0038999999999999972, 0.12999999999999998, 9.0
0.0039999999999999975, 0.12999999999999998, 9.0
0.001, 0.13999999999999999, 6.0
0.0011, 0.13999999999999999, 7.0
0.0012000000000000001, 0.13999999999999999, 8.0
0.0013000000000000002, 0.13999999999999999, 5.0
0.0014000000000000002, 0.13999999999999999, 7.0
0.0015000000000000002, 0.13999999999999999, 7.0
0.0016000000000000003, 0.13999999999999999, 8.0
0.0017000000000000003, 0.13999999999999999, 7.0
0.0018000000000000004, 0.13999999999999999, 9.0
0.0019000000000000004, 0.13999999999999999, 9.0
0.0020000000000000005, 0.13999999999999999, 9.0
0.0021000000000000003, 0.13999999999999999, 10.0
0.0022, 0.13999999999999999, 10.0
0.0023, 0.13999999999999999, 9.0
0.0024, 0.13999999999999999, 10.0
0.0024999999999999996, 0.13999999999999999, 10.0
0.0025999999999999994, 0.13999999999999999, 9.0
0.0026999999999999993, 0.13999999999999999, 10.0
0.002799999999999999, 0.13999999999999999, 10.0
0.002899999999999999, 0.13999999999999999, 10.0
0.0029999999999999988, 0.13999999999999999, 10.0
0.0030999999999999986, 0.13999999999999999, 10.0
0.0031999999999999984, 0.13999999999999999, 10.0
0.0032999999999999982, 0.13999999999999999, 10.0
0.003399999999999998, 0.13999999999999999, 10.0
0.003499999999999998, 0.13999999999999999, 9.0
0.0035999999999999977, 0.13999999999999999, 10.0
0.0036999999999999976, 0.13999999999999999, 10.0
0.0037999999999999974, 0.13999999999999999, 10.0
0.0038999999999999972, 0.13999999999999999, 10.0
0.0039999999999999975, 0.13999999999999999, 9.0
0.001, 0.15, 7.0
0.0011, 0.15, 8.0
0.0012000000000000001, 0.15, 8.0
0.0013000000000000002, 0.15, 8.0
0.0014000000000000002, 0.15, 8.0
0.0015000000000000002, 0.15, 7.0
0.0016000000000000003, 0.15, 8.0
0.0017000000000000003, 0.15, 9.0
0.0018000000000000004, 0.15, 9.0
0.0019000000000000004, 0.15, 10.0
0.0020000000000000005, 0.15, 9.0
0.0021000000000000003, 0.15, 10.0
0.0022, 0.15, 9.0
0.0023, 0.15, 10.0
0.0024, 0.15, 10.0
0.0024999999999999996, 0.15, 10.0
0.0025999999999999994, 0.15, 10.0
0.0026999999999999993, 0.15, 10.0
0.002799999999999999, 0.15, 10.0
0.002899999999999999, 0.15, 9.0
0.0029999999999999988, 0.15, 10.0
0.0030999999999999986, 0.15, 10.0
0.0031999999999999984, 0.15, 9.0
0.0032999999999999982, 0.15, 10.0
0.003399999999999998, 0.15, 10.0
0.003499999999999998, 0.15, 10.0
0.0035999999999999977, 0.15, 9.0
0.0036999999999999976, 0.15, 9.0
0.0037999999999999974, 0.15, 8.0
0.0038999999999999972, 0.15, 9.0
0.0039999999999999975, 0.15, 9.0
0.001, 0.16, 7.0
0.0011, 0.16, 8.0
0.0012000000000000001, 0.16, 8.0
0.0013000000000000002, 0.16, 7.0
0.0014000000000000002, 0.16, 8.0
0.0015000000000000002, 0.16, 9.0
0.0016000000000000003, 0.16, 10.0
0.0017000000000000003, 0.16, 9.0
0.0018000000000000004, 0.16, 10.0
0.0019000000000000004, 0.16, 9.0
0.0020000000000000005, 0.16, 9.0
0.0021000000000000003, 0.16, 10.0
0.0022, 0.16, 10.0
0.0023, 0.16, 10.0
0.0024, 0.16, 10.0
0.0024999999999999996, 0.16, 10.0
0.0025999999999999994, 0.16, 10.0
0.0026999999999999993, 0.16, 10.0
0.002799999999999999, 0.16, 10.0
0.002899999999999999, 0.16, 9.0
0.0029999999999999988, 0.16, 10.0
0.0030999999999999986, 0.16, 10.0
0.0031999999999999984, 0.16, 10.0
0.0032999999999999982, 0.16, 10.0
0.003399999999999998, 0.16, 9.0
0.003499999999999998, 0.16, 3.0
0.0035999999999999977, 0.16, 8.0
0.0036999999999999976, 0.16, 8.0
0.0037999999999999974, 0.16, 0.0
0.0038999999999999972, 0.16, 10.0
0.0039999999999999975, 0.16, 8.0
0.001, 0.17, 7.0
0.0011, 0.17, 8.0
0.0012000000000000001, 0.17, 8.0
0.0013000000000000002, 0.17, 8.0
0.0014000000000000002, 0.17, 10.0
0.0015000000000000002, 0.17, 9.0
0.0016000000000000003, 0.17, 10.0
0.0017000000000000003, 0.17, 10.0
0.0018000000000000004, 0.17, 10.0
0.0019000000000000004, 0.17, 10.0
0.0020000000000000005, 0.17, 10.0
0.0021000000000000003, 0.17, 10.0
0.0022, 0.17, 10.0
0.0023, 0.17, 10.0
0.0024, 0.17, 9.0
0.0024999999999999996, 0.17, 9.0
0.0025999999999999994, 0.17, 10.0
0.0026999999999999993, 0.17, 10.0
0.002799999999999999, 0.17, 10.0
0.002899999999999999, 0.17, 9.0
0.0029999999999999988, 0.17, 9.0
0.0030999999999999986, 0.17, 9.0
0.0031999999999999984, 0.17, 9.0
0.0032999999999999982, 0.17, 9.0
0.003399999999999998, 0.17, 10.0
0.003499999999999998, 0.17, 10.0
0.0035999999999999977, 0.17, 9.0
0.0036999999999999976, 0.17, 9.0
0.0037999999999999974, 0.17, 0.0
0.0038999999999999972, 0.17, 9.0
0.0039999999999999975, 0.17, 9.0
0.001, 0.18000000000000002, 7.0
0.0011, 0.18000000000000002, 9.0
0.0012000000000000001, 0.18000000000000002, 9.0
0.0013000000000000002, 0.18000000000000002, 9.0
0.0014000000000000002, 0.18000000000000002, 9.0
0.0015000000000000002, 0.18000000000000002, 9.0
0.0016000000000000003, 0.18000000000000002, 10.0
0.0017000000000000003, 0.18000000000000002, 10.0
0.0018000000000000004, 0.18000000000000002, 10.0
0.0019000000000000004, 0.18000000000000002, 10.0
0.0020000000000000005, 0.18000000000000002, 10.0
0.0021000000000000003, 0.18000000000000002, 10.0
0.0022, 0.18000000000000002, 10.0
0.0023, 0.18000000000000002, 10.0
0.0024, 0.18000000000000002, 10.0
0.0024999999999999996, 0.18000000000000002, 10.0
0.0025999999999999994, 0.18000000000000002, 9.0
0.0026999999999999993, 0.18000000000000002, 9.0
0.002799999999999999, 0.18000000000000002, 10.0
0.002899999999999999, 0.18000000000000002, 9.0
0.0029999999999999988, 0.18000000000000002, 10.0
0.0030999999999999986, 0.18000000000000002, 0.0
0.0031999999999999984, 0.18000000000000002, 10.0
0.0032999999999999982, 0.18000000000000002, 9.0
0.003399999999999998, 0.18000000000000002, 8.0
0.003499999999999998, 0.18000000000000002, 9.0
0.0035999999999999977, 0.18000000000000002, 9.0
0.0036999999999999976, 0.18000000000000002, 9.0
0.0037999999999999974, 0.18000000000000002, 9.0
0.0038999999999999972, 0.18000000000000002, 8.0
0.0039999999999999975, 0.18000000000000002, 8.0
0.001, 0.19000000000000003, 9.0
0.0011, 0.19000000000000003, 9.0
0.0012000000000000001, 0.19000000000000003, 9.0
0.0013000000000000002, 0.19000000000000003, 10.0
0.0014000000000000002, 0.19000000000000003, 9.0
0.0015000000000000002, 0.19000000000000003, 10.0
0.0016000000000000003, 0.19000000000000003, 10.0
0.0017000000000000003, 0.19000000000000003, 10.0
0.0018000000000000004, 0.19000000000000003, 10.0
0.0019000000000000004, 0.19000000000000003, 10.0
0.0020000000000000005, 0.19000000000000003, 10.0
0.0021000000000000003, 0.19000000000000003, 10.0
0.0022, 0.19000000000000003, 10.0
0.0023, 0.19000000000000003, 10.0
0.0024, 0.19000000000000003, 8.0
0.0024999999999999996, 0.19000000000000003, 10.0
0.0025999999999999994, 0.19000000000000003, 10.0
0.0026999999999999993, 0.19000000000000003, 9.0
0.002799999999999999, 0.19000000000000003, 6.0
0.002899999999999999, 0.19000000000000003, 3.0
0.0029999999999999988, 0.19000000000000003, 0.0
0.0030999999999999986, 0.19000000000000003, 9.0
0.0031999999999999984, 0.19000000000000003, 8.0
0.0032999999999999982, 0.19000000000000003, 7.0
0.003399999999999998, 0.19000000000000003, 9.0
0.003499999999999998, 0.19000000000000003, 9.0
0.0035999999999999977, 0.19000000000000003, 8.0
0.0036999999999999976, 0.19000000000000003, 8.0
0.0037999999999999974, 0.19000000000000003, 8.0
0.0038999999999999972, 0.19000000000000003, 6.0
0.0039999999999999975, 0.19000000000000003, 9.0
0.001, 0.20000000000000004, 8.0
0.0011, 0.20000000000000004, 10.0
0.0012000000000000001, 0.20000000000000004, 9.0
0.0013000000000000002, 0.20000000000000004, 9.0
0.0014000000000000002, 0.20000000000000004, 10.0
0.0015000000000000002, 0.20000000000000004, 10.0
0.0016000000000000003, 0.20000000000000004, 10.0
0.0017000000000000003, 0.20000000000000004, 10.0
0.0018000000000000004, 0.20000000000000004, 10.0
0.0019000000000000004, 0.20000000000000004, 10.0
0.0020000000000000005, 0.20000000000000004, 10.0
0.0021000000000000003, 0.20000000000000004, 10.0
0.0022, 0.20000000000000004, 10.0
0.0023, 0.20000000000000004, 10.0
0.0024, 0.20000000000000004, 9.0
0.0024999999999999996, 0.20000000000000004, 10.0
0.0025999999999999994, 0.20000000000000004, 9.0
0.0026999999999999993, 0.20000000000000004, 10.0
0.002799999999999999, 0.20000000000000004, 10.0
0.002899999999999999, 0.20000000000000004, 0.0
0.0029999999999999988, 0.20000000000000004, 10.0
0.0030999999999999986, 0.20000000000000004, 8.0
0.0031999999999999984, 0.20000000000000004, 8.0
0.0032999999999999982, 0.20000000000000004, 10.0
0.003399999999999998, 0.20000000000000004, 9.0
0.003499999999999998, 0.20000000000000004, 9.0
0.0035999999999999977, 0.20000000000000004, 9.0
0.0036999999999999976, 0.20000000000000004, 9.0
0.0037999999999999974, 0.20000000000000004, 9.0
0.0038999999999999972, 0.20000000000000004, 9.0
0.0039999999999999975, 0.20000000000000004, 9.0
0.001, 0.21000000000000005, 9.0
0.0011, 0.21000000000000005, 9.0
0.0012000000000000001, 0.21000000000000005, 10.0
0.0013000000000000002, 0.21000000000000005, 10.0
0.0014000000000000002, 0.21000000000000005, 10.0
0.0015000000000000002, 0.21000000000000005, 10.0
0.0016000000000000003, 0.21000000000000005, 10.0
0.0017000000000000003, 0.21000000000000005, 10.0
0.0018000000000000004, 0.21000000000000005, 10.0
0.0019000000000000004, 0.21000000000000005, 10.0
0.0020000000000000005, 0.21000000000000005, 10.0
0.0021000000000000003, 0.21000000000000005, 10.0
0.0022, 0.21000000000000005, 10.0
0.0023, 0.21000000000000005, 10.0
0.0024, 0.21000000000000005, 10.0
0.0024999999999999996, 0.21000000000000005, 10.0
0.0025999999999999994, 0.21000000000000005, 10.0
0.0026999999999999993, 0.21000000000000005, 10.0
0.002799999999999999, 0.21000000000000005, 10.0
0.002899999999999999, 0.21000000000000005, 10.0
0.0029999999999999988, 0.21000000000000005, 10.0
0.0030999999999999986, 0.21000000000000005, 10.0
0.0031999999999999984, 0.21000000000000005, 9.0
0.0032999999999999982, 0.21000000000000005, 9.0
0.003399999999999998, 0.21000000000000005, 5.0
0.003499999999999998, 0.21000000000000005, 8.0
0.0035999999999999977, 0.21000000000000005, 8.0
0.0036999999999999976, 0.21000000000000005, 9.0
0.0037999999999999974, 0.21000000000000005, 9.0
0.0038999999999999972, 0.21000000000000005, 9.0
0.0039999999999999975, 0.21000000000000005, 9.0
0.001, 0.22000000000000006, 9.0
0.0011, 0.22000000000000006, 9.0
0.0012000000000000001, 0.22000000000000006, 10.0
0.0013000000000000002, 0.22000000000000006, 10.0
0.0014000000000000002, 0.22000000000000006, 10.0
0.0015000000000000002, 0.22000000000000006, 10.0
0.0016000000000000003, 0.22000000000000006, 10.0
0.0017000000000000003, 0.22000000000000006, 10.0
0.0018000000000000004, 0.22000000000000006, 10.0
0.0019000000000000004, 0.22000000000000006, 10.0
0.0020000000000000005, 0.22000000000000006, 10.0
0.0021000000000000003, 0.22000000000000006, 10.0
0.0022, 0.22000000000000006, 10.0
0.0023, 0.22000000000000006, 10.0
0.0024, 0.22000000000000006, 10.0
0.0024999999999999996, 0.22000000000000006, 10.0
0.0025999999999999994, 0.22000000000000006, 10.0
0.0026999999999999993, 0.22000000000000006, 10.0
0.002799999999999999, 0.22000000000000006, 10.0
0.002899999999999999, 0.22000000000000006, 10.0
0.0029999999999999988, 0.22000000000000006, 10.0
0.0030999999999999986, 0.22000000000000006, 9.0
0.0031999999999999984, 0.22000000000000006, 9.0
0.0032999999999999982, 0.22000000000000006, 9.0
0.003399999999999998, 0.22000000000000006, 9.0
0.003499999999999998, 0.22000000000000006, 9.0
0.0035999999999999977, 0.22000000000000006, 9.0
0.0036999999999999976, 0.22000000000000006, 9.0
0.0037999999999999974, 0.22000000000000006, 9.0
0.0038999999999999972, 0.22000000000000006, 9.0
0.0039999999999999975, 0.22000000000000006, 9.0
0.001, 0.23000000000000007, 9.0
0.0011, 0.23000000000000007, 9.0
0.0012000000000000001, 0.23000000000000007, 10.0
0.0013000000000000002, 0.23000000000000007, 10.0
0.0014000000000000002, 0.23000000000000007, 10.0
0.0015000000000000002, 0.23000000000000007, 10.0
0.0016000000000000003, 0.23000000000000007, 10.0
0.0017000000000000003, 0.23000000000000007, 10.0
0.0018000000000000004, 0.23000000000000007, 10.0
0.0019000000000000004, 0.23000000000000007, 10.0
0.0020000000000000005, 0.23000000000000007, 10.0
0.0021000000000000003, 0.23000000000000007, 10.0
0.0022, 0.23000000000000007, 10.0
0.0023, 0.23000000000000007, 10.0
0.0024, 0.23000000000000007, 10.0
0.0024999999999999996, 0.23000000000000007, 10.0
0.0025999999999999994, 0.23000000000000007, 10.0
0.0026999999999999993, 0.23000000000000007, 10.0
0.002799999999999999, 0.23000000000000007, 10.0
0.002899999999999999, 0.23000000000000007, 9.0
0.0029999999999999988, 0.23000000000000007, 10.0
0.0030999999999999986, 0.23000000000000007, 9.0
0.0031999999999999984, 0.23000000000000007, 9.0
0.0032999999999999982, 0.23000000000000007, 9.0
0.003399999999999998, 0.23000000000000007, 9.0
0.003499999999999998, 0.23000000000000007, 9.0
0.0035999999999999977, 0.23000000000000007, 9.0
0.0036999999999999976, 0.23000000000000007, 9.0
0.0037999999999999974, 0.23000000000000007, 9.0
0.0038999999999999972, 0.23000000000000007, 9.0
0.0039999999999999975, 0.23000000000000007, 9.0
0.001, 0.24000000000000007, 9.0
0.0011, 0.24000000000000007, 10.0
0.0012000000000000001, 0.24000000000000007, 10.0
0.0013000000000000002, 0.24000000000000007, 10.0
0.0014000000000000002, 0.24000000000000007, 10.0
0.0015000000000000002, 0.24000000000000007, 10.0
0.0016000000000000003, 0.24000000000000007, 10.0
0.0017000000000000003, 0.24000000000000007, 10.0
0.0018000000000000004, 0.24000000000000007, 10.0
0.0019000000000000004, 0.24000000000000007, 10.0
0.0020000000000000005, 0.24000000000000007, 10.0
0.0021000000000000003, 0.24000000000000007, 10.0
0.0022, 0.24000000000000007, 10.0
0.0023, 0.24000000000000007, 10.0
0.0024, 0.24000000000000007, 10.0
0.0024999999999999996, 0.24000000000000007, 10.0
0.0025999999999999994, 0.24000000000000007, 10.0
0.0026999999999999993, 0.24000000000000007, 10.0
0.002799999999999999, 0.24000000000000007, 10.0
0.002899999999999999, 0.24000000000000007, 10.0
0.0029999999999999988, 0.24000000000000007, 10.0
0.0030999999999999986, 0.24000000000000007, 10.0
0.0031999999999999984, 0.24000000000000007, 9.0
0.0032999999999999982, 0.24000000000000007, 9.0
0.003399999999999998, 0.24000000000000007, 9.0
0.003499999999999998, 0.24000000000000007, 9.0
0.0035999999999999977, 0.24000000000000007, 9.0
0.0036999999999999976, 0.24000000000000007, 9.0
0.0037999999999999974, 0.24000000000000007, 9.0
0.0038999999999999972, 0.24000000000000007, 9.0
0.0039999999999999975, 0.24000000000000007, 9.0
0.001, 0.25000000000000006, 9.0
0.0011, 0.25000000000000006, 10.0
0.0012000000000000001, 0.25000000000000006, 10.0
0.0013000000000000002, 0.25000000000000006, 10.0
0.0014000000000000002, 0.25000000000000006, 10.0
0.0015000000000000002, 0.25000000000000006, 10.0
0.0016000000000000003, 0.25000000000000006, 10.0
0.0017000000000000003, 0.25000000000000006, 10.0
0.0018000000000000004, 0.25000000000000006, 10.0
0.0019000000000000004, 0.25000000000000006, 10.0
0.0020000000000000005, 0.25000000000000006, 10.0
0.0021000000000000003, 0.25000000000000006, 10.0
0.0022, 0.25000000000000006, 10.0
0.0023, 0.25000000000000006, 10.0
0.0024, 0.25000000000000006, 10.0
0.0024999999999999996, 0.25000000000000006, 10.0
0.0025999999999999994, 0.25000000000000006, 10.0
0.0026999999999999993, 0.25000000000000006, 10.0
0.002799999999999999, 0.25000000000000006, 4.0
0.002899999999999999, 0.25000000000000006, 10.0
0.0029999999999999988, 0.25000000000000006, 10.0
0.0030999999999999986, 0.25000000000000006, 10.0
0.0031999999999999984, 0.25000000000000006, 10.0
0.0032999999999999982, 0.25000000000000006, 10.0
0.003399999999999998, 0.25000000000000006, 9.0
0.003499999999999998, 0.25000000000000006, 10.0
0.0035999999999999977, 0.25000000000000006, 9.0
0.0036999999999999976, 0.25000000000000006, 9.0
0.0037999999999999974, 0.25000000000000006, 10.0
0.0038999999999999972, 0.25000000000000006, 10.0
0.0039999999999999975, 0.25000000000000006, 10.0
0.001, 0.26000000000000006, 9.0
0.0011, 0.26000000000000006, 10.0
0.0012000000000000001, 0.26000000000000006, 10.0
0.0013000000000000002, 0.26000000000000006, 10.0
0.0014000000000000002, 0.26000000000000006, 10.0
0.0015000000000000002, 0.26000000000000006, 10.0
0.0016000000000000003, 0.26000000000000006, 10.0
0.0017000000000000003, 0.26000000000000006, 10.0
0.0018000000000000004, 0.26000000000000006, 10.0
0.0019000000000000004, 0.26000000000000006, 10.0
0.0020000000000000005, 0.26000000000000006, 10.0
0.0021000000000000003, 0.26000000000000006, 9.0
0.0022, 0.26000000000000006, 10.0
0.0023, 0.26000000000000006, 10.0
0.0024, 0.26000000000000006, 10.0
0.0024999999999999996, 0.26000000000000006, 9.0
0.0025999999999999994, 0.26000000000000006, 10.0
0.0026999999999999993, 0.26000000000000006, 10.0
0.002799999999999999, 0.26000000000000006, 10.0
0.002899999999999999, 0.26000000000000006, 10.0
0.0029999999999999988, 0.26000000000000006, 10.0
0.0030999999999999986, 0.26000000000000006, 10.0
0.0031999999999999984, 0.26000000000000006, 10.0
0.0032999999999999982, 0.26000000000000006, 9.0
0.003399999999999998, 0.26000000000000006, 10.0
0.003499999999999998, 0.26000000000000006, 9.0
0.0035999999999999977, 0.26000000000000006, 9.0
0.0036999999999999976, 0.26000000000000006, 9.0
0.0037999999999999974, 0.26000000000000006, 10.0
0.0038999999999999972, 0.26000000000000006, 10.0
0.0039999999999999975, 0.26000000000000006, 8.0
0.001, 0.2700000000000001, 10.0
0.0011, 0.2700000000000001, 10.0
0.0012000000000000001, 0.2700000000000001, 9.0
0.0013000000000000002, 0.2700000000000001, 9.0
0.0014000000000000002, 0.2700000000000001, 10.0
0.0015000000000000002, 0.2700000000000001, 9.0
0.0016000000000000003, 0.2700000000000001, 8.0
0.0017000000000000003, 0.2700000000000001, 10.0
0.0018000000000000004, 0.2700000000000001, 10.0
0.0019000000000000004, 0.2700000000000001, 10.0
0.0020000000000000005, 0.2700000000000001, 10.0
0.0021000000000000003, 0.2700000000000001, 10.0
0.0022, 0.2700000000000001, 10.0
0.0023, 0.2700000000000001, 10.0
0.0024, 0.2700000000000001, 10.0
0.0024999999999999996, 0.2700000000000001, 10.0
0.0025999999999999994, 0.2700000000000001, 10.0
0.0026999999999999993, 0.2700000000000001, 10.0
0.002799999999999999, 0.2700000000000001, 10.0
0.002899999999999999, 0.2700000000000001, 10.0
0.0029999999999999988, 0.2700000000000001, 10.0
0.0030999999999999986, 0.2700000000000001, 10.0
0.0031999999999999984, 0.2700000000000001, 10.0
0.0032999999999999982, 0.2700000000000001, 10.0
0.003399999999999998, 0.2700000000000001, 10.0
0.003499999999999998, 0.2700000000000001, 8.0
0.0035999999999999977, 0.2700000000000001, 8.0
0.0036999999999999976, 0.2700000000000001, 10.0
0.0037999999999999974, 0.2700000000000001, 7.0
0.0038999999999999972, 0.2700000000000001, 9.0
0.0039999999999999975, 0.2700000000000001, 7.0
0.001, 0.2800000000000001, 10.0
0.0011, 0.2800000000000001, 9.0
0.0012000000000000001, 0.2800000000000001, 9.0
0.0013000000000000002, 0.2800000000000001, 9.0
0.0014000000000000002, 0.2800000000000001, 9.0
0.0015000000000000002, 0.2800000000000001, 9.0
0.0016000000000000003, 0.2800000000000001, 9.0
0.0017000000000000003, 0.2800000000000001, 9.0
0.0018000000000000004, 0.2800000000000001, 10.0
0.0019000000000000004, 0.2800000000000001, 10.0
0.0020000000000000005, 0.2800000000000001, 10.0
0.0021000000000000003, 0.2800000000000001, 10.0
0.0022, 0.2800000000000001, 10.0
0.0023, 0.2800000000000001, 10.0
0.0024, 0.2800000000000001, 10.0
0.0024999999999999996, 0.2800000000000001, 10.0
0.0025999999999999994, 0.2800000000000001, 10.0
0.0026999999999999993, 0.2800000000000001, 10.0
0.002799999999999999, 0.2800000000000001, 9.0
0.002899999999999999, 0.2800000000000001, 10.0
0.0029999999999999988, 0.2800000000000001, 9.0
0.0030999999999999986, 0.2800000000000001, 10.0
0.0031999999999999984, 0.2800000000000001, 10.0
0.0032999999999999982, 0.2800000000000001, 9.0
0.003399999999999998, 0.2800000000000001, 10.0
0.003499999999999998, 0.2800000000000001, 8.0
0.0035999999999999977, 0.2800000000000001, 9.0
0.0036999999999999976, 0.2800000000000001, 4.0
0.0037999999999999974, 0.2800000000000001, 7.0
0.0038999999999999972, 0.2800000000000001, 9.0
0.0039999999999999975, 0.2800000000000001, 8.0
0.001, 0.2900000000000001, 9.0
0.0011, 0.2900000000000001, 9.0
0.0012000000000000001, 0.2900000000000001, 9.0
0.0013000000000000002, 0.2900000000000001, 8.0
0.0014000000000000002, 0.2900000000000001, 9.0
0.0015000000000000002, 0.2900000000000001, 9.0
0.0016000000000000003, 0.2900000000000001, 9.0
0.0017000000000000003, 0.2900000000000001, 10.0
0.0018000000000000004, 0.2900000000000001, 10.0
0.0019000000000000004, 0.2900000000000001, 10.0
0.0020000000000000005, 0.2900000000000001, 10.0
0.0021000000000000003, 0.2900000000000001, 10.0
0.0022, 0.2900000000000001, 10.0
0.0023, 0.2900000000000001, 10.0
0.0024, 0.2900000000000001, 10.0
0.0024999999999999996, 0.2900000000000001, 10.0
0.0025999999999999994, 0.2900000000000001, 10.0
0.0026999999999999993, 0.2900000000000001, 9.0
0.002799999999999999, 0.2900000000000001, 10.0
0.002899999999999999, 0.2900000000000001, 10.0
0.0029999999999999988, 0.2900000000000001, 10.0
0.0030999999999999986, 0.2900000000000001, 9.0
0.0031999999999999984, 0.2900000000000001, 9.0
0.0032999999999999982, 0.2900000000000001, 9.0
0.003399999999999998, 0.2900000000000001, 9.0
0.003499999999999998, 0.2900000000000001, 8.0
0.0035999999999999977, 0.2900000000000001, 9.0
0.0036999999999999976, 0.2900000000000001, 9.0
0.0037999999999999974, 0.2900000000000001, 8.0
0.0038999999999999972, 0.2900000000000001, 8.0
0.0039999999999999975, 0.2900000000000001, 0.0
0.001, 0.3000000000000001, 10.0
0.0011, 0.3000000000000001, 9.0
0.0012000000000000001, 0.3000000000000001, 9.0
0.0013000000000000002, 0.3000000000000001, 9.0
0.0014000000000000002, 0.3000000000000001, 9.0
0.0015000000000000002, 0.3000000000000001, 9.0
0.0016000000000000003, 0.3000000000000001, 10.0
0.0017000000000000003, 0.3000000000000001, 10.0
0.0018000000000000004, 0.3000000000000001, 10.0
0.0019000000000000004, 0.3000000000000001, 10.0
0.0020000000000000005, 0.3000000000000001, 5.0
0.0021000000000000003, 0.3000000000000001, 9.0
0.0022, 0.3000000000000001, 9.0
0.0023, 0.3000000000000001, 4.0
0.0024, 0.3000000000000001, 8.0
0.0024999999999999996, 0.3000000000000001, 2.0
0.0025999999999999994, 0.3000000000000001, 5.0
0.0026999999999999993, 0.3000000000000001, 7.0
0.002799999999999999, 0.3000000000000001, 7.0
0.002899999999999999, 0.3000000000000001, 8.0
0.0029999999999999988, 0.3000000000000001, 9.0
0.0030999999999999986, 0.3000000000000001, 4.0
0.0031999999999999984, 0.3000000000000001, 5.0
0.0032999999999999982, 0.3000000000000001, 8.0
0.003399999999999998, 0.3000000000000001, 9.0
0.003499999999999998, 0.3000000000000001, 8.0
0.0035999999999999977, 0.3000000000000001, 8.0
0.0036999999999999976, 0.3000000000000001, 9.0
0.0037999999999999974, 0.3000000000000001, 9.0
0.0038999999999999972, 0.3000000000000001, 8.0
0.0039999999999999975, 0.3000000000000001, 8.0
0.001, 0.3100000000000001, 9.0
0.0011, 0.3100000000000001, 9.0
0.0012000000000000001, 0.3100000000000001, 9.0
0.0013000000000000002, 0.3100000000000001, 9.0
0.0014000000000000002, 0.3100000000000001, 10.0
0.0015000000000000002, 0.3100000000000001, 10.0
0.0016000000000000003, 0.3100000000000001, 10.0
0.0017000000000000003, 0.3100000000000001, 10.0
0.0018000000000000004, 0.3100000000000001, 9.0
0.0019000000000000004, 0.3100000000000001, 9.0
0.0020000000000000005, 0.3100000000000001, 5.0
0.0021000000000000003, 0.3100000000000001, 0.0
0.0022, 0.3100000000000001, 9.0
0.0023, 0.3100000000000001, 4.0
0.0024, 0.3100000000000001, 4.0
0.0024999999999999996, 0.3100000000000001, 5.0
0.0025999999999999994, 0.3100000000000001, 6.0
0.0026999999999999993, 0.3100000000000001, 8.0
0.002799999999999999, 0.3100000000000001, 8.0
0.002899999999999999, 0.3100000000000001, 9.0
0.0029999999999999988, 0.3100000000000001, 0.0
0.0030999999999999986, 0.3100000000000001, 0.0
0.0031999999999999984, 0.3100000000000001, 9.0
0.0032999999999999982, 0.3100000000000001, 5.0
0.003399999999999998, 0.3100000000000001, 9.0
0.003499999999999998, 0.3100000000000001, 1.0
0.0035999999999999977, 0.3100000000000001, 9.0
0.0036999999999999976, 0.3100000000000001, 8.0
0.0037999999999999974, 0.3100000000000001, 9.0
0.0038999999999999972, 0.3100000000000001, 9.0
0.0039999999999999975, 0.3100000000000001, 8.0
0.001, 0.3200000000000001, 10.0
0.0011, 0.3200000000000001, 9.0
0.0012000000000000001, 0.3200000000000001, 10.0
0.0013000000000000002, 0.3200000000000001, 10.0
0.0014000000000000002, 0.3200000000000001, 10.0
0.0015000000000000002, 0.3200000000000001, 9.0
0.0016000000000000003, 0.3200000000000001, 9.0
0.0017000000000000003, 0.3200000000000001, 9.0
0.0018000000000000004, 0.3200000000000001, 9.0
0.0019000000000000004, 0.3200000000000001, 9.0
0.0020000000000000005, 0.3200000000000001, 9.0
0.0021000000000000003, 0.3200000000000001, 6.0
0.0022, 0.3200000000000001, 7.0
0.0023, 0.3200000000000001, 6.0
0.0024, 0.3200000000000001, 7.0
0.0024999999999999996, 0.3200000000000001, 7.0
0.0025999999999999994, 0.3200000000000001, 3.0
0.0026999999999999993, 0.3200000000000001, 8.0
0.002799999999999999, 0.3200000000000001, 8.0
0.002899999999999999, 0.3200000000000001, 9.0
0.0029999999999999988, 0.3200000000000001, 9.0
0.0030999999999999986, 0.3200000000000001, 8.0
0.0031999999999999984, 0.3200000000000001, 6.0
0.0032999999999999982, 0.3200000000000001, 9.0
0.003399999999999998, 0.3200000000000001, 8.0
0.003499999999999998, 0.3200000000000001, 9.0
0.0035999999999999977, 0.3200000000000001, 9.0
0.0036999999999999976, 0.3200000000000001, 9.0
0.0037999999999999974, 0.3200000000000001, 9.0
0.0038999999999999972, 0.3200000000000001, 9.0
0.0039999999999999975, 0.3200000000000001, 9.0
0.001, 0.3300000000000001, 10.0
0.0011, 0.3300000000000001, 10.0
0.0012000000000000001, 0.3300000000000001, 10.0
0.0013000000000000002, 0.3300000000000001, 10.0
0.0014000000000000002, 0.3300000000000001, 10.0
0.0015000000000000002, 0.3300000000000001, 9.0
0.0016000000000000003, 0.3300000000000001, 9.0
0.0017000000000000003, 0.3300000000000001, 10.0
0.0018000000000000004, 0.3300000000000001, 9.0
0.0019000000000000004, 0.3300000000000001, 9.0
0.0020000000000000005, 0.3300000000000001, 7.0
0.0021000000000000003, 0.3300000000000001, 7.0
0.0022, 0.3300000000000001, 5.0
0.0023, 0.3300000000000001, 3.0
0.0024, 0.3300000000000001, 8.0
0.0024999999999999996, 0.3300000000000001, 8.0
0.0025999999999999994, 0.3300000000000001, 8.0
0.0026999999999999993, 0.3300000000000001, 8.0
0.002799999999999999, 0.3300000000000001, 4.0
0.002899999999999999, 0.3300000000000001, 8.0
0.0029999999999999988, 0.3300000000000001, 9.0
0.0030999999999999986, 0.3300000000000001, 9.0
0.0031999999999999984, 0.3300000000000001, 9.0
0.0032999999999999982, 0.3300000000000001, 9.0
0.003399999999999998, 0.3300000000000001, 9.0
0.003499999999999998, 0.3300000000000001, 8.0
0.0035999999999999977, 0.3300000000000001, 9.0
0.0036999999999999976, 0.3300000000000001, 9.0
0.0037999999999999974, 0.3300000000000001, 9.0
0.0038999999999999972, 0.3300000000000001, 8.0
0.0039999999999999975, 0.3300000000000001, 7.0
0.001, 0.34000000000000014, 9.0
0.0011, 0.34000000000000014, 9.0
0.0012000000000000001, 0.34000000000000014, 10.0
0.0013000000000000002, 0.34000000000000014, 9.0
0.0014000000000000002, 0.34000000000000014, 9.0
0.0015000000000000002, 0.34000000000000014, 9.0
0.0016000000000000003, 0.34000000000000014, 9.0
0.0017000000000000003, 0.34000000000000014, 9.0
0.0018000000000000004, 0.34000000000000014, 9.0
0.0019000000000000004, 0.34000000000000014, 9.0
0.0020000000000000005, 0.34000000000000014, 8.0
0.0021000000000000003, 0.34000000000000014, 7.0
0.0022, 0.34000000000000014, 0.0
0.0023, 0.34000000000000014, 6.0
0.0024, 0.34000000000000014, 9.0
0.0024999999999999996, 0.34000000000000014, 6.0
0.0025999999999999994, 0.34000000000000014, 8.0
0.0026999999999999993, 0.34000000000000014, 8.0
0.002799999999999999, 0.34000000000000014, 8.0
0.002899999999999999, 0.34000000000000014, 8.0
0.0029999999999999988, 0.34000000000000014, 9.0
0.0030999999999999986, 0.34000000000000014, 9.0
0.0031999999999999984, 0.34000000000000014, 9.0
0.0032999999999999982, 0.34000000000000014, 8.0
0.003399999999999998, 0.34000000000000014, 9.0
0.003499999999999998, 0.34000000000000014, 9.0
0.0035999999999999977, 0.34000000000000014, 9.0
0.0036999999999999976, 0.34000000000000014, 9.0
0.0037999999999999974, 0.34000000000000014, 8.0
0.0038999999999999972, 0.34000000000000014, 8.0
0.0039999999999999975, 0.34000000000000014, 7.0
0.001, 0.35000000000000014, 9.0
0.0011, 0.35000000000000014, 9.0
0.0012000000000000001, 0.35000000000000014, 9.0
0.0013000000000000002, 0.35000000000000014, 9.0
0.0014000000000000002, 0.35000000000000014, 9.0
0.0015000000000000002, 0.35000000000000014, 9.0
0.0016000000000000003, 0.35000000000000014, 9.0
0.0017000000000000003, 0.35000000000000014, 9.0
0.0018000000000000004, 0.35000000000000014, 6.0
0.0019000000000000004, 0.35000000000000014, 9.0
0.0020000000000000005, 0.35000000000000014, 8.0
0.0021000000000000003, 0.35000000000000014, 7.0
0.0022, 0.35000000000000014, 9.0
0.0023, 0.35000000000000014, 2.0
0.0024, 0.35000000000000014, 8.0
0.0024999999999999996, 0.35000000000000014, 0.0
0.0025999999999999994, 0.35000000000000014, 8.0
0.0026999999999999993, 0.35000000000000014, 8.0
0.002799999999999999, 0.35000000000000014, 8.0
0.002899999999999999, 0.35000000000000014, 9.0
0.0029999999999999988, 0.35000000000000014, 7.0
0.0030999999999999986, 0.35000000000000014, 9.0
0.0031999999999999984, 0.35000000000000014, 8.0
0.0032999999999999982, 0.35000000000000014, 9.0
0.003399999999999998, 0.35000000000000014, 9.0
0.003499999999999998, 0.35000000000000014, 9.0
0.0035999999999999977, 0.35000000000000014, 9.0
0.0036999999999999976, 0.35000000000000014, 8.0
0.0037999999999999974, 0.35000000000000014, 0.0
0.0038999999999999972, 0.35000000000000014, 8.0
0.0039999999999999975, 0.35000000000000014, 5.0
0.001, 0.36000000000000015, 9.0
0.0011, 0.36000000000000015, 9.0
0.0012000000000000001, 0.36000000000000015, 8.0
0.0013000000000000002, 0.36000000000000015, 9.0
0.0014000000000000002, 0.36000000000000015, 9.0
0.0015000000000000002, 0.36000000000000015, 8.0
0.0016000000000000003, 0.36000000000000015, 9.0
0.0017000000000000003, 0.36000000000000015, 9.0
0.0018000000000000004, 0.36000000000000015, 9.0
0.0019000000000000004, 0.36000000000000015, 9.0
0.0020000000000000005, 0.36000000000000015, 7.0
0.0021000000000000003, 0.36000000000000015, 7.0
0.0022, 0.36000000000000015, 9.0
0.0023, 0.36000000000000015, 8.0
0.0024, 0.36000000000000015, 6.0
0.0024999999999999996, 0.36000000000000015, 9.0
0.0025999999999999994, 0.36000000000000015, 8.0
0.0026999999999999993, 0.36000000000000015, 8.0
0.002799999999999999, 0.36000000000000015, 8.0
0.002899999999999999, 0.36000000000000015, 9.0
0.0029999999999999988, 0.36000000000000015, 7.0
0.0030999999999999986, 0.36000000000000015, 8.0
0.0031999999999999984, 0.36000000000000015, 9.0
0.0032999999999999982, 0.36000000000000015, 8.0
0.003399999999999998, 0.36000000000000015, 9.0
0.003499999999999998, 0.36000000000000015, 9.0
0.0035999999999999977, 0.36000000000000015, 9.0
0.0036999999999999976, 0.36000000000000015, 8.0
0.0037999999999999974, 0.36000000000000015, 0.0
0.0038999999999999972, 0.36000000000000015, 9.0
0.0039999999999999975, 0.36000000000000015, 0.0
0.001, 0.37000000000000016, 9.0
0.0011, 0.37000000000000016, 9.0
0.0012000000000000001, 0.37000000000000016, 8.0
0.0013000000000000002, 0.37000000000000016, 8.0
0.0014000000000000002, 0.37000000000000016, 8.0
0.0015000000000000002, 0.37000000000000016, 8.0
0.0016000000000000003, 0.37000000000000016, 8.0
0.0017000000000000003, 0.37000000000000016, 8.0
0.0018000000000000004, 0.37000000000000016, 8.0
0.0019000000000000004, 0.37000000000000016, 6.0
0.0020000000000000005, 0.37000000000000016, 7.0
0.0021000000000000003, 0.37000000000000016, 7.0
0.0022, 0.37000000000000016, 8.0
0.0023, 0.37000000000000016, 8.0
0.0024, 0.37000000000000016, 8.0
0.0024999999999999996, 0.37000000000000016, 8.0
0.0025999999999999994, 0.37000000000000016, 6.0
0.0026999999999999993, 0.37000000000000016, 8.0
0.002799999999999999, 0.37000000000000016, 8.0
0.002899999999999999, 0.37000000000000016, 7.0
0.0029999999999999988, 0.37000000000000016, 8.0
0.0030999999999999986, 0.37000000000000016, 7.0
0.0031999999999999984, 0.37000000000000016, 8.0
0.0032999999999999982, 0.37000000000000016, 8.0
0.003399999999999998, 0.37000000000000016, 8.0
0.003499999999999998, 0.37000000000000016, 8.0
0.0035999999999999977, 0.37000000000000016, 8.0
0.0036999999999999976, 0.37000000000000016, 8.0
0.0037999999999999974, 0.37000000000000016, 7.0
0.0038999999999999972, 0.37000000000000016, 8.0
0.0039999999999999975, 0.37000000000000016, 4.0
0.001, 0.38000000000000017, 9.0
0.0011, 0.38000000000000017, 9.0
0.0012000000000000001, 0.38000000000000017, 9.0
0.0013000000000000002, 0.38000000000000017, 9.0
0.0014000000000000002, 0.38000000000000017, 8.0
0.0015000000000000002, 0.38000000000000017, 8.0
0.0016000000000000003, 0.38000000000000017, 8.0
0.0017000000000000003, 0.38000000000000017, 8.0
0.0018000000000000004, 0.38000000000000017, 8.0
0.0019000000000000004, 0.38000000000000017, 7.0
0.0020000000000000005, 0.38000000000000017, 8.0
0.0021000000000000003, 0.38000000000000017, 7.0
0.0022, 0.38000000000000017, 7.0
0.0023, 0.38000000000000017, 0.0
0.0024, 0.38000000000000017, 2.0
0.0024999999999999996, 0.38000000000000017, 7.0
0.0025999999999999994, 0.38000000000000017, 8.0
0.0026999999999999993, 0.38000000000000017, 6.0
0.002799999999999999, 0.38000000000000017, 7.0
0.002899999999999999, 0.38000000000000017, 8.0
0.0029999999999999988, 0.38000000000000017, 9.0
0.0030999999999999986, 0.38000000000000017, 8.0
0.0031999999999999984, 0.38000000000000017, 9.0
0.0032999999999999982, 0.38000000000000017, 8.0
0.003399999999999998, 0.38000000000000017, 9.0
0.003499999999999998, 0.38000000000000017, 8.0
0.0035999999999999977, 0.38000000000000017, 8.0
0.0036999999999999976, 0.38000000000000017, 8.0
0.0037999999999999974, 0.38000000000000017, 8.0
0.0038999999999999972, 0.38000000000000017, 8.0
0.0039999999999999975, 0.38000000000000017, 4.0
0.001, 0.3900000000000002, 9.0
0.0011, 0.3900000000000002, 9.0
0.0012000000000000001, 0.3900000000000002, 9.0
0.0013000000000000002, 0.3900000000000002, 9.0
0.0014000000000000002, 0.3900000000000002, 9.0
0.0015000000000000002, 0.3900000000000002, 9.0
0.0016000000000000003, 0.3900000000000002, 9.0
0.0017000000000000003, 0.3900000000000002, 9.0
0.0018000000000000004, 0.3900000000000002, 8.0
0.0019000000000000004, 0.3900000000000002, 8.0
0.0020000000000000005, 0.3900000000000002, 9.0
0.0021000000000000003, 0.3900000000000002, 9.0
0.0022, 0.3900000000000002, 9.0
0.0023, 0.3900000000000002, 9.0
0.0024, 0.3900000000000002, 9.0
0.0024999999999999996, 0.3900000000000002, 9.0
0.0025999999999999994, 0.3900000000000002, 8.0
0.0026999999999999993, 0.3900000000000002, 8.0
0.002799999999999999, 0.3900000000000002, 9.0
0.002899999999999999, 0.3900000000000002, 9.0
0.0029999999999999988, 0.3900000000000002, 9.0
0.0030999999999999986, 0.3900000000000002, 9.0
0.0031999999999999984, 0.3900000000000002, 9.0
0.0032999999999999982, 0.3900000000000002, 9.0
0.003399999999999998, 0.3900000000000002, 9.0
0.003499999999999998, 0.3900000000000002, 9.0
0.0035999999999999977, 0.3900000000000002, 8.0
0.0036999999999999976, 0.3900000000000002, 8.0
0.0037999999999999974, 0.3900000000000002, 4.0
0.0038999999999999972, 0.3900000000000002, 7.0
0.0039999999999999975, 0.3900000000000002, 8.0