-3
-3
-4
-6
-9
-12
-15
-20
-25
-31
-38
-46
-55
-64
-75
-87
-99
-112
-126
-140
-154
-168
-182
-195
-207
-218
-227
-233
-238
-239
-237
-231
-222
-207
-188
-164
-135
-100
-60
-15
36
92
153
218
288
361
438
517
598
679
761
843
923
1000
1075
1145
1210
1270
1324
1370
1409
1439
1461
1475
1479
1475
1461
1439
1409
1370
1324
1270
1210
1145
1075
1000
923
843
761
679
598
517
438
361
288
218
153
92
36
-15
-60
-100
-135
-164
-188
-207
-222
-231
-237
-239
-238
-233
-227
-218
-207
-195
-182
-168
-154
-140
-126
-112
-99
-87
-75
-64
-55
-46
-38
-31
-25
-20
-15
-12
-9
-6
-4
-3
-3
